0 0 0.0
0 1 0.0
0 2 0.0
0 3 0.0
0 4 0.0
0 5 0.0
0 6 0.0
0 7 0.0
0 8 0.0
0 9 0.0
0 10 0.0
0 11 0.0
0 12 0.0
0 13 0.0
0 14 0.0
0 15 0.0
0 16 0.0
0 17 0.0
0 18 0.0
0 19 0.0
0 20 0.0
0 21 0.0
0 22 0.0
0 23 0.0
0 24 0.0
0 25 0.0
0 26 0.0
0 27 0.0
0 28 0.0
0 29 0.0
0 30 0.0
0 31 0.0
0 32 0.0
0 33 0.0
0 34 0.0
0 35 0.0
0 36 0.0
0 37 0.0
0 38 0.0
0 39 0.0
0 40 0.0
0 41 0.0
0 42 0.0
0 43 0.0
0 44 0.0
0 45 0.0
0 46 0.0
0 47 0.0
0 48 0.0
0 49 0.0
0 50 0.0
0 51 0.0
0 52 0.0
0 53 0.0
0 54 0.0
0 55 0.0
0 56 0.0
0 57 0.0
0 58 0.0
0 59 0.0
0 60 0.0
0 61 0.0
0 62 0.0
0 63 0.0
1 0 0.0
1 1 0.0
1 2 0.0
1 3 0.0
1 4 0.0
1 5 0.0
1 6 0.0
1 7 0.0
1 8 0.0
1 9 0.0
1 10 0.0
1 11 0.0
1 12 0.0
1 13 0.0
1 14 0.0
1 15 0.0
1 16 0.0
1 17 0.0
1 18 0.0
1 19 0.0
1 20 0.0
1 21 0.0
1 22 0.0
1 23 0.0
1 24 0.0
1 25 0.0
1 26 0.0
1 27 0.0
1 28 0.0
1 29 0.0
1 30 0.0
1 31 0.0
1 32 0.0
1 33 0.0
1 34 0.0
1 35 0.0
1 36 0.0
1 37 0.0
1 38 0.0
1 39 0.0
1 40 0.0
1 41 0.0
1 42 0.0
1 43 0.0
1 44 0.0
1 45 0.0
1 46 0.0
1 47 0.0
1 48 0.0
1 49 0.0
1 50 0.0
1 51 0.0
1 52 0.0
1 53 0.0
1 54 0.0
1 55 0.0
1 56 0.0
1 57 0.0
1 58 0.0
1 59 0.0
1 60 0.0
1 61 0.0
1 62 0.0
1 63 0.0
2 0 0.0
2 1 0.0
2 2 0.0
2 3 0.0
2 4 0.0
2 5 0.0
2 6 0.0
2 7 0.0
2 8 0.0
2 9 0.0
2 10 0.0
2 11 0.0
2 12 0.0
2 13 0.0
2 14 0.0
2 15 0.0
2 16 0.0
2 17 0.0
2 18 0.0
2 19 0.0
2 20 0.0
2 21 0.0
2 22 0.0
2 23 0.0
2 24 0.0
2 25 0.0
2 26 0.0
2 27 0.0
2 28 0.0
2 29 0.0
2 30 0.0
2 31 0.0
2 32 0.0
2 33 0.0
2 34 0.0
2 35 0.0
2 36 0.0
2 37 0.0
2 38 0.0
2 39 0.0
2 40 0.0
2 41 0.0
2 42 0.0
2 43 0.0
2 44 0.0
2 45 0.0
2 46 0.0
2 47 0.0
2 48 0.0
2 49 0.0
2 50 0.0
2 51 0.0
2 52 0.0
2 53 0.0
2 54 0.0
2 55 0.0
2 56 0.0
2 57 0.0
2 58 0.0
2 59 0.0
2 60 0.0
2 61 0.0
2 62 0.0
2 63 0.0
3 0 0.0
3 1 0.0
3 2 0.0
3 3 0.0
3 4 0.0
3 5 0.0
3 6 0.0
3 7 0.0
3 8 0.0
3 9 0.0
3 10 0.0
3 11 0.0
3 12 0.0
3 13 0.0
3 14 0.0
3 15 0.0
3 16 0.0
3 17 0.0
3 18 0.0
3 19 0.0
3 20 0.0
3 21 0.0
3 22 0.0
3 23 0.0
3 24 0.0
3 25 0.0
3 26 0.0
3 27 0.0
3 28 0.0
3 29 0.0
3 30 0.0
3 31 0.0
3 32 0.0
3 33 0.0
3 34 0.0
3 35 0.0
3 36 0.0
3 37 0.0
3 38 0.0
3 39 0.0
3 40 0.0
3 41 0.0
3 42 0.0
3 43 0.0
3 44 0.0
3 45 0.0
3 46 0.0
3 47 0.0
3 48 0.0
3 49 0.0
3 50 0.0
3 51 0.0
3 52 0.0
3 53 0.0
3 54 0.0
3 55 0.0
3 56 0.0
3 57 0.0
3 58 0.0
3 59 0.0
3 60 0.0
3 61 0.0
3 62 0.0
3 63 0.0
4 0 0.0
4 1 0.0
4 2 0.0
4 3 0.0
4 4 0.0
4 5 0.0
4 6 0.0
4 7 0.0
4 8 0.0
4 9 0.0
4 10 0.0
4 11 0.0
4 12 0.0
4 13 0.0
4 14 0.0
4 15 0.0
4 16 0.0
4 17 0.0
4 18 0.0
4 19 0.0
4 20 0.0
4 21 0.0
4 22 0.0
4 23 0.0
4 24 0.0
4 25 0.0
4 26 0.0
4 27 0.0
4 28 0.0
4 29 0.0
4 30 0.0
4 31 0.0
4 32 0.0
4 33 0.0
4 34 0.0
4 35 0.0
4 36 0.0
4 37 0.0
4 38 0.0
4 39 0.0
4 40 0.0
4 41 0.0
4 42 0.0
4 43 0.0
4 44 0.0
4 45 0.0
4 46 0.0
4 47 0.0
4 48 0.0
4 49 0.0
4 50 0.0
4 51 0.0
4 52 0.0
4 53 0.0
4 54 0.0
4 55 0.0
4 56 0.0
4 57 0.0
4 58 0.0
4 59 0.0
4 60 0.0
4 61 0.0
4 62 0.0
4 63 0.0
5 0 0.0
5 1 0.0
5 2 0.0
5 3 0.0
5 4 0.0
5 5 0.0
5 6 0.0
5 7 0.0
5 8 0.0
5 9 0.0
5 10 0.0
5 11 0.0
5 12 0.0
5 13 0.0
5 14 0.0
5 15 0.0
5 16 0.0
5 17 0.0
5 18 0.0
5 19 0.0
5 20 0.0
5 21 0.0
5 22 0.09244140191179462
5 23 0.2514231391790216
5 24 0.5060821909427166
5 25 0.16746451129799603
5 26 0.0
5 27 0.0
5 28 0.0
5 29 0.0
5 30 0.0
5 31 0.0
5 32 0.0
5 33 0.0
5 34 0.0
5 35 0.0
5 36 0.0
5 37 0.0
5 38 0.0
5 39 0.0
5 40 0.0
5 41 0.0
5 42 0.0
5 43 0.0
5 44 0.0
5 45 0.0
5 46 0.0
5 47 0.0
5 48 0.0
5 49 0.0
5 50 0.0
5 51 0.0
5 52 0.0
5 53 0.0
5 54 0.0
5 55 0.0
5 56 0.0
5 57 0.0
5 58 0.0
5 59 0.0
5 60 0.0
5 61 0.0
5 62 0.0
5 63 0.0
6 0 0.0
6 1 0.0
6 2 0.0
6 3 0.0
6 4 0.0
6 5 0.0
6 6 0.0
6 7 0.0
6 8 0.0
6 9 0.0
6 10 0.0
6 11 0.0
6 12 0.0
6 13 0.0
6 14 0.0
6 15 0.0
6 16 0.0
6 17 0.0
6 18 0.0
6 19 0.0
6 20 0.0
6 21 0.0
6 22 0.015143125240237865
6 23 0.15786144742564762
6 24 0.6420254329601693
6 25 0.47257963261728597
6 26 0.004302329293125439
6 27 0.0
6 28 0.0
6 29 0.0
6 30 0.0
6 31 0.0
6 32 0.0
6 33 0.0
6 34 0.0
6 35 0.0024175676556375597
6 36 0.0
6 37 0.0
6 38 0.0
6 39 0.0
6 40 0.0
6 41 0.0
6 42 0.0
6 43 0.0
6 44 0.0
6 45 0.0
6 46 0.0
6 47 0.0
6 48 0.0
6 49 0.0
6 50 0.0
6 51 0.0
6 52 0.0
6 53 0.0
6 54 0.0
6 55 0.0
6 56 0.0
6 57 0.0
6 58 0.0
6 59 0.0
6 60 0.0
6 61 0.0
6 62 0.0
6 63 0.0
7 0 0.0
7 1 0.0
7 2 0.0
7 3 0.0
7 4 0.0
7 5 0.0
7 6 0.0
7 7 0.0
7 8 0.0
7 9 0.0
7 10 0.0
7 11 0.0
7 12 0.0
7 13 0.0
7 14 0.0
7 15 0.0
7 16 0.0
7 17 0.0
7 18 0.0
7 19 0.0
7 20 0.0
7 21 0.0
7 22 0.0
7 23 0.009268579613996774
7 24 0.24199118451730975
7 25 0.3386970163288595
7 26 0.0
7 27 0.0006739162529144426
7 28 0.0
7 29 0.0
7 30 0.0
7 31 0.004215431350825087
7 32 0.0029066886211377395
7 33 0.0077258435424727235
7 34 0.1587022965742247
7 35 0.25349068109845063
7 36 0.2404559232515671
7 37 0.16742567422881152
7 38 0.09579435771866798
7 39 0.02879531268495821
7 40 0.008219666187410138
7 41 0.0005148571740180007
7 42 0.0
7 43 0.0
7 44 0.0
7 45 0.0
7 46 0.0
7 47 0.0
7 48 0.0
7 49 0.0
7 50 0.0
7 51 0.0
7 52 0.0
7 53 0.0
7 54 0.0
7 55 0.0
7 56 0.0
7 57 0.0
7 58 0.0
7 59 0.0
7 60 0.0
7 61 0.0
7 62 0.0
7 63 0.0
8 0 0.0
8 1 0.0
8 2 0.0
8 3 0.0
8 4 0.0
8 5 0.0
8 6 0.0
8 7 0.0
8 8 0.0
8 9 0.0
8 10 0.0
8 11 0.0
8 12 0.0
8 13 0.0
8 14 0.0
8 15 0.0
8 16 0.0
8 17 0.0
8 18 0.0
8 19 0.0
8 20 0.0
8 21 0.0
8 22 0.0
8 23 0.0
8 24 0.3307050258093605
8 25 0.07759254062264334
8 26 0.0
8 27 3.333071759465538e-05
8 28 0.0
8 29 0.0016815652934925296
8 30 0.017270525457565845
8 31 0.5010187415459547
8 32 0.25783637623543776
8 33 0.20704533695812646
8 34 0.2976990366544791
8 35 0.20949433337899792
8 36 0.23745881874127994
8 37 0.18535396929477468
8 38 0.2420656665678006
8 39 0.29619516425287185
8 40 0.4561309367846897
8 41 0.4086252209523328
8 42 0.06796513708022381
8 43 0.005403865618420475
8 44 0.0
8 45 0.0
8 46 0.0
8 47 0.0
8 48 0.0
8 49 0.0
8 50 0.0
8 51 0.0
8 52 0.0
8 53 0.0
8 54 0.0
8 55 0.0
8 56 0.0
8 57 0.0
8 58 0.0
8 59 0.0
8 60 0.0
8 61 0.0
8 62 0.0
8 63 0.0
9 0 0.0
9 1 0.0
9 2 0.0
9 3 0.0
9 4 0.0
9 5 0.0
9 6 0.0
9 7 0.0
9 8 0.0
9 9 0.0
9 10 0.0
9 11 0.0
9 12 0.0
9 13 0.0
9 14 0.0
9 15 0.0
9 16 0.0
9 17 0.0
9 18 0.0
9 19 0.0
9 20 0.0
9 21 0.0
9 22 0.0
9 23 0.010087975271959237
9 24 0.25879613065747703
9 25 0.17997596623835055
9 26 0.0
9 27 0.0
9 28 0.005471444778874762
9 29 0.0017013695387034006
9 30 0.06855354527910153
9 31 0.2798335193167868
9 32 0.594681449580307
9 33 0.2938475831239634
9 34 0.2656326518669059
9 35 0.2501667865916348
9 36 0.16263754241154257
9 37 0.11717190324249627
9 38 0.08962617990873288
9 39 0.1881204454558634
9 40 0.12221287502044931
9 41 0.10943408272029728
9 42 0.19036308669577673
9 43 0.461251777261428
9 44 0.40160123108189166
9 45 0.0740033703127847
9 46 0.0
9 47 0.0
9 48 0.0
9 49 0.0
9 50 0.0
9 51 0.0
9 52 0.0
9 53 0.0
9 54 0.0
9 55 0.0
9 56 0.0
9 57 0.0
9 58 0.0
9 59 0.0
9 60 0.0
9 61 0.0
9 62 0.0
9 63 0.0
10 0 0.0
10 1 0.0
10 2 0.0
10 3 0.0
10 4 0.0
10 5 0.0
10 6 0.0
10 7 0.0
10 8 0.0
10 9 0.0
10 10 0.0
10 11 0.0
10 12 0.0
10 13 0.0
10 14 0.0
10 15 0.0
10 16 0.0
10 17 0.0
10 18 0.01946906933347875
10 19 0.1624766079810177
10 20 0.2698301809248808
10 21 0.22652511973654632
10 22 0.11759957651634148
10 23 0.19317465109814472
10 24 0.223813773593187
10 25 0.1672826287907706
10 26 0.08550825354222001
10 27 0.0017775141349641356
10 28 0.0001438833611089313
10 29 0.0007294585819947623
10 30 0.02522486929065157
10 31 0.09205030464488687
10 32 0.24557776125576739
10 33 0.4242460354933571
10 34 0.270002088157487
10 35 0.20163594503756688
10 36 0.12804242550797423
10 37 0.11979041283006521
10 38 0.09829409503643634
10 39 0.09032983578037902
10 40 0.0786533113256608
10 41 0.07463307614858636
10 42 0.09191883052540435
10 43 0.09957797938177237
10 44 0.15389414770588633
10 45 0.3008159774638596
10 46 0.44302043335253016
10 47 0.14464700163195493
10 48 3.385608205793905e-05
10 49 0.0
10 50 0.0
10 51 0.0
10 52 0.0
10 53 0.0
10 54 0.0
10 55 0.0
10 56 0.0
10 57 0.0
10 58 0.0
10 59 0.0
10 60 0.0
10 61 0.0
10 62 0.0
10 63 0.0
11 0 0.0
11 1 0.0
11 2 0.0
11 3 0.0
11 4 0.0
11 5 0.0
11 6 0.0
11 7 0.0
11 8 0.0
11 9 0.0
11 10 0.0
11 11 0.0
11 12 0.0
11 13 0.0
11 14 0.0
11 15 0.0
11 16 0.021732492395515647
11 17 0.5899550314620161
11 18 0.6033048084813775
11 19 0.3027382128830007
11 20 0.22261175300156014
11 21 0.19995291670379683
11 22 0.1750837590558868
11 23 0.16252262724792813
11 24 0.22741265317034176
11 25 0.2868233937480299
11 26 0.2606121626528378
11 27 0.13422643075363863
11 28 0.02890704241087757
11 29 0.019729789761112122
11 30 0.001656454202184186
11 31 0.021563338338704465
11 32 0.37421936825920815
11 33 0.356580023648051
11 34 0.20312432251259877
11 35 0.15928585013945434
11 36 0.14503118270845994
11 37 0.10803747777176305
11 38 0.10928904222733252
11 39 0.07863016868854399
11 40 0.07314410015707733
11 41 0.11070147461159606
11 42 0.08153383812656362
11 43 0.1093354605052277
11 44 0.11158761150694478
11 45 0.08985195362428328
11 46 0.13025048579587395
11 47 0.20410675405893924
11 48 0.45611424482516
11 49 0.14382789858204795
11 50 0.004476564089809392
11 51 0.0
11 52 0.0
11 53 0.0
11 54 0.0
11 55 0.0
11 56 0.0
11 57 0.0
11 58 0.0
11 59 0.0
11 60 0.0
11 61 0.0
11 62 0.0
11 63 0.0
12 0 0.0
12 1 0.0
12 2 0.0
12 3 0.0
12 4 0.0
12 5 0.0
12 6 0.0
12 7 0.0
12 8 0.0
12 9 0.0
12 10 0.0
12 11 0.0
12 12 0.0
12 13 0.0
12 14 0.0
12 15 0.10428438044899375
12 16 0.7483098559703348
12 17 0.26304120852447066
12 18 0.14873885928079597
12 19 0.24855710977723214
12 20 0.3607738951053322
12 21 0.24845137186626748
12 22 0.3660992287117664
12 23 0.2069551604755679
12 24 0.2022461658369455
12 25 0.16884389227235425
12 26 0.13097090012888055
12 27 0.14679973239663285
12 28 0.0731832697354158
12 29 0.014030476459016917
12 30 0.00026302139097889363
12 31 0.015661167851950965
12 32 0.31654785006231223
12 33 0.2580330221490998
12 34 0.19425730090349386
12 35 0.15234691611060053
12 36 0.147602209988841
12 37 0.12591902205067707
12 38 0.10531981395447816
12 39 0.11290401524753976
12 40 0.08278733113522616
12 41 0.08645789968597835
12 42 0.054944437720370436
12 43 0.10024678829408173
12 44 0.09931576266294612
12 45 0.08355562678640543
12 46 0.18370585442217222
12 47 0.09045146762890383
12 48 0.09756190987937897
12 49 0.1814790406179882
12 50 0.4185073930085295
12 51 0.06750221783605702
12 52 1.0626992561105207e-05
12 53 0.0
12 54 0.0
12 55 0.0
12 56 0.0
12 57 0.0
12 58 0.0
12 59 0.0
12 60 0.0
12 61 0.0
12 62 0.0
12 63 0.0
13 0 0.0
13 1 0.0
13 2 0.0
13 3 0.0
13 4 0.0
13 5 0.0
13 6 0.0
13 7 0.0
13 8 0.0
13 9 0.0
13 10 0.0
13 11 0.0
13 12 0.0
13 13 0.035652456112116766
13 14 0.4360001675846136
13 15 0.6600691087025625
13 16 0.19210736321570934
13 17 0.14722467909541548
13 18 0.15676449972667747
13 19 0.4150431131369047
13 20 0.3476606650981101
13 21 0.1977858880454979
13 22 0.019563269176800437
13 23 0.006024746661275585
13 24 0.0
13 25 0.006885513108175868
13 26 0.09254580978614341
13 27 0.1359146462302107
13 28 0.24157741012610076
13 29 0.0370343375553129
13 30 0.00044024211986555984
13 31 0.012713567304507891
13 32 0.16564209512687886
13 33 0.2995392753162494
13 34 0.3087890149615819
13 35 0.20851183533082665
13 36 0.20844812657692466
13 37 0.2886637654134618
13 38 0.3495990604621345
13 39 0.3577399485807844
13 40 0.3226217282761794
13 41 0.163574486705619
13 42 0.11007017273185529
13 43 0.09380023382043708
13 44 0.17543329267854743
13 45 0.10112880207592115
13 46 0.22800358843878973
13 47 0.19655301060438193
13 48 0.38597582791454244
13 49 0.10675844806007509
13 50 0.0642836223281227
13 51 0.2744650925239972
13 52 0.23609453368251224
13 53 0.0
13 54 0.0
13 55 0.0
13 56 0.0
13 57 0.0
13 58 0.0
13 59 0.0
13 60 0.0
13 61 0.0
13 62 0.0
13 63 0.0
14 0 0.0
14 1 0.0
14 2 0.0
14 3 0.0
14 4 0.0
14 5 0.0
14 6 0.0
14 7 0.0
14 8 0.0
14 9 0.0
14 10 0.0
14 11 0.0006029654496388286
14 12 0.18785044802283404
14 13 0.8513837035933599
14 14 0.4667245454267356
14 15 0.13005204433278048
14 16 0.100095563130853
14 17 0.21663676301008564
14 18 0.24072957828529018
14 19 0.4066267079332694
14 20 0.2248883101751791
14 21 0.001218745802071931
14 22 0.0
14 23 0.0
14 24 0.0
14 25 0.0
14 26 0.0
14 27 0.005406818299707791
14 28 0.037376050562671986
14 29 0.00566773158265047
14 30 0.0032964957525280668
14 31 0.15740278429865173
14 32 0.20415862548695965
14 33 0.17226188686974553
14 34 0.0948108621430348
14 35 0.4475255998797647
14 36 0.26017923573435975
14 37 0.32568167701656825
14 38 0.26845020143404547
14 39 0.2514794662297053
14 40 0.22817343411464117
14 41 0.17354590421874314
14 42 0.08340247307008361
14 43 0.08093778221714443
14 44 0.2246441154524984
14 45 0.3108237714784288
14 46 0.13797932857091555
14 47 0.10194591007090424
14 48 0.08521850506544446
14 49 0.16164101247707346
14 50 0.30268787099708855
14 51 0.08269336404831223
14 52 0.19734085779381505
14 53 0.26258706752196886
14 54 0.0
14 55 0.0
14 56 0.0
14 57 0.0
14 58 0.0
14 59 0.0
14 60 0.0
14 61 0.0
14 62 0.0
14 63 0.0
15 0 0.0
15 1 0.0
15 2 0.0
15 3 0.0
15 4 0.0
15 5 0.0
15 6 0.0
15 7 0.0
15 8 0.0
15 9 0.0
15 10 0.011331945218451864
15 11 0.5085408966308842
15 12 0.6850825753232986
15 13 0.23195233414775906
15 14 0.10265182700479744
15 15 0.08711686632732998
15 16 0.17265597671903907
15 17 0.1934556213332553
15 18 0.22651102134841772
15 19 0.3982713514103043
15 20 0.0009547401839972654
15 21 0.0
15 22 0.0
15 23 0.0
15 24 0.0
15 25 0.0
15 26 0.0016181890487445118
15 27 0.0
15 28 0.0013045331637979993
15 29 0.00044943932306456397
15 30 0.01150019485036423
15 31 0.2371120781955127
15 32 0.19322106937603992
15 33 0.1276016513734623
15 34 0.06863959864815078
15 35 0.3112105461263348
15 36 0.23676872924311607
15 37 0.2515852706425008
15 38 0.35986102447400375
15 39 0.36068318660812726
15 40 0.35661181152317123
15 41 0.3222846304958775
15 42 0.38393362319264646
15 43 0.32396193967219916
15 44 0.12325695376393711
15 45 0.06576793654129298
15 46 0.05470390059838347
15 47 0.02048260378608223
15 48 0.017761249117188196
15 49 0.09744559817731781
15 50 0.1456265070977404
15 51 0.2067339088845116
15 52 0.13216760057404378
15 53 0.1937679804325013
15 54 0.14896343596339207
15 55 0.0
15 56 0.0
15 57 0.0
15 58 0.0
15 59 0.0
15 60 0.0
15 61 0.0
15 62 0.0
15 63 0.0
16 0 0.0
16 1 0.0
16 2 0.0
16 3 0.0
16 4 0.0
16 5 0.0
16 6 0.0
16 7 0.0
16 8 0.0
16 9 0.028316891864033016
16 10 0.8011289350795827
16 11 0.5930662531139482
16 12 0.2019135236793069
16 13 0.08307475204792387
16 14 0.18579394540731706
16 15 0.182960302397125
16 16 0.1737158163964254
16 17 0.20777685709687588
16 18 0.435140631421583
16 19 0.10182833483405798
16 20 0.0
16 21 3.2752151666735385e-05
16 22 0.0
16 23 0.0
16 24 0.0
16 25 0.0
16 26 0.004208162700719151
16 27 0.00013305021287236037
16 28 0.020007594509076833
16 29 0.010268733898244217
16 30 0.06485406838250257
16 31 0.25668509654070776
16 32 0.13664536834699056
16 33 0.06585723519968505
16 34 0.2519195088440785
16 35 0.30199984305567934
16 36 0.24534360830953678
16 37 0.2226900256564063
16 38 0.29137418053118996
16 39 0.35279746601423934
16 40 0.3218799003536567
16 41 0.3426235504263432
16 42 0.33000529354573127
16 43 0.35699532758136826
16 44 0.30235210325340256
16 45 0.2591563045730649
16 46 0.17011467575702358
16 47 0.1053567889724004
16 48 0.03130704693300206
16 49 0.11582963028972187
16 50 0.04845884667204888
16 51 0.1598241824597431
16 52 0.1393424830985597
16 53 0.19896017737368307
16 54 0.23304329668195764
16 55 0.011727158948685857
16 56 0.0
16 57 0.0
16 58 0.0
16 59 0.0
16 60 0.0
16 61 0.0
16 62 0.0
16 63 0.0
17 0 0.0
17 1 0.0
17 2 0.0
17 3 0.0
17 4 0.0
17 5 0.0
17 6 0.0
17 7 0.0
17 8 0.004109906245718944
17 9 0.8027096835975893
17 10 0.5547705088321081
17 11 0.13277988293017706
17 12 0.07940405049351008
17 13 0.1839840980822202
17 14 0.14846473873425733
17 15 0.21552910851635745
17 16 0.1555605505819575
17 17 0.43446896293054943
17 18 0.1520694704725221
17 19 0.018959911366359914
17 20 0.0
17 21 0.0
17 22 0.0004883694948121922
17 23 0.0
17 24 0.0
17 25 0.0
17 26 0.0004451034036967038
17 27 0.0008798990236201204
17 28 0.010684144234490775
17 29 0.028001899292287517
17 30 0.07090751058376636
17 31 0.28307062893441454
17 32 0.14442874262328442
17 33 0.1716342425906985
17 34 0.35910868926221534
17 35 0.38215755879759367
17 36 0.38200706515450367
17 37 0.3602017133531686
17 38 0.2602260530232397
17 39 0.3912736962648582
17 40 0.35732138605775815
17 41 0.31454388389312354
17 42 0.10802776850446694
17 43 0.025284494832142727
17 44 0.09276526582776823
17 45 0.18226961438248393
17 46 0.19702710215612235
17 47 0.38967153415733535
17 48 0.41248305865860485
17 49 0.020768016343489935
17 50 0.2896311675460425
17 51 0.09063660872583822
17 52 0.23641806508933189
17 53 0.21121214217027393
17 54 0.16455286164028093
17 55 0.18316040640598835
17 56 0.0
17 57 0.0
17 58 0.0
17 59 0.0
17 60 0.0
17 61 0.0
17 62 0.0
17 63 0.0
18 0 0.0
18 1 0.0
18 2 0.0
18 3 0.0
18 4 0.0
18 5 0.0
18 6 0.0
18 7 0.0
18 8 0.21721260236294304
18 9 0.7130678757586196
18 10 0.11467841709682267
18 11 0.09372867785050122
18 12 0.06708737941555531
18 13 0.17926832025685666
18 14 0.09816135738216873
18 15 0.26326365714848127
18 16 0.30444877297471995
18 17 0.4127051082716307
18 18 0.21123954092456163
18 19 0.005238415713584595
18 20 0.0002851465500845238
18 21 0.0070001755648333
18 22 0.028903152053776037
18 23 0.17485146816091846
18 24 0.002066890201487247
18 25 0.001607123144100157
18 26 0.0005619205196719066
18 27 0.003156210140465167
18 28 0.07756055324203075
18 29 0.05213052580337536
18 30 0.014334110518062562
18 31 0.2773222771822908
18 32 0.13002178599976857
18 33 0.33785284208874267
18 34 0.37535229344863863
18 35 0.3856433852623963
18 36 0.3990440361823161
18 37 0.39242630599620404
18 38 0.38451877280181523
18 39 0.2079659218018272
18 40 0.3394305980243636
18 41 0.329708628878553
18 42 0.2897909049436131
18 43 0.06095921575720979
18 44 0.08413505723812577
18 45 0.10554166406201163
18 46 0.1251169434694537
18 47 0.35686671304060996
18 48 0.5668884724396462
18 49 0.12958247490553415
18 50 0.03466285566841655
18 51 0.4238897851857861
18 52 0.0768815030477789
18 53 0.3202139629904011
18 54 0.21086759618492296
18 55 0.199612560333786
18 56 0.0
18 57 0.0
18 58 0.0
18 59 0.0
18 60 0.0
18 61 0.0
18 62 0.0
18 63 0.0
19 0 0.0
19 1 0.0
19 2 0.0
19 3 0.0
19 4 0.0
19 5 0.0
19 6 0.0
19 7 0.0016732658650092636
19 8 0.7394957033167122
19 9 0.32384689150492313
19 10 0.07995229158658737
19 11 0.07330124398324685
19 12 0.16664427771696552
19 13 0.1260718432578449
19 14 0.34409729749860013
19 15 0.3541833641680155
19 16 0.2994487663245369
19 17 0.07863096671051355
19 18 0.007785967847694847
19 19 0.12388273599172185
19 20 0.10363066745227496
19 21 0.14663819944963083
19 22 0.30013260465060604
19 23 0.31474737949535747
19 24 0.3700492379555209
19 25 0.04854374290924229
19 26 0.011911907684818562
19 27 0.019012527614885234
19 28 0.3016185215578985
19 29 0.0984004314638782
19 30 0.0015130762549892998
19 31 0.1709228060048493
19 32 0.29231577995342206
19 33 0.3732309515480961
19 34 0.431113746061429
19 35 0.4296004969016797
19 36 0.3378238472905159
19 37 0.3923847423519569
19 38 0.38365318497218226
19 39 0.234528282563619
19 40 0.18120219349638694
19 41 0.2906062838909955
19 42 0.2868081648287777
19 43 0.23978990741615114
19 44 0.1381330808037145
19 45 0.09606502017000527
19 46 0.0700767032116394
19 47 0.5217547439080997
19 48 0.41261001065359326
19 49 0.0
19 50 0.0
19 51 0.006515643225658002
19 52 0.025263287398302074
19 53 0.29774279485914246
19 54 0.13834056651579618
19 55 0.1535363013543763
19 56 0.0170620621685715
19 57 0.0
19 58 0.0
19 59 0.0
19 60 0.0
19 61 0.0
19 62 0.0
19 63 0.0
20 0 0.0
20 1 0.0
20 2 0.0
20 3 0.0
20 4 0.0
20 5 0.0
20 6 0.0
20 7 0.023596651765823113
20 8 0.8602271170525325
20 9 0.16082403748575197
20 10 0.0909230986129048
20 11 0.10725421920865481
20 12 0.03533791575282067
20 13 0.2134426800769825
20 14 0.3996242646560059
20 15 0.1416054073968656
20 16 0.0019932261235151806
20 17 0.115003345042089
20 18 0.42731669102850395
20 19 0.4818329633614813
20 20 0.33445187196003506
20 21 0.34614901198229986
20 22 0.4377991751112908
20 23 0.4023453200666614
20 24 0.3564220817999119
20 25 0.14542873065295486
20 26 0.0026204913421266486
20 27 0.0057859119861569785
20 28 0.017986171609304404
20 29 0.039037818261136725
20 30 0.04570406153281399
20 31 0.11658888169191298
20 32 0.2042563166763981
20 33 0.49109254527777146
20 34 0.47561351264000296
20 35 0.44973545571709583
20 36 0.416759857898888
20 37 0.37522155084929487
20 38 0.31247441342060145
20 39 0.22460015774234265
20 40 0.14609820458357217
20 41 0.26057405710379206
20 42 0.2705762649645745
20 43 0.13482315168136577
20 44 0.19696006831068058
20 45 0.2760004202915706
20 46 0.5994159809219548
20 47 0.23440405714369314
20 48 0.002895057450931624
20 49 0.002092426904512681
20 50 0.0
20 51 0.00010819847870411871
20 52 0.0035279420742453035
20 53 0.04000085122343418
20 54 0.26706084518506795
20 55 0.224731033345348
20 56 0.006502768471216012
20 57 0.0
20 58 0.0
20 59 0.0
20 60 0.0
20 61 0.0
20 62 0.0
20 63 0.0
21 0 0.0
21 1 0.0
21 2 0.0
21 3 0.0
21 4 0.0
21 5 0.0
21 6 0.0008865026554181036
21 7 0.2535603750171242
21 8 0.6359383208819739
21 9 0.09238800094166592
21 10 0.0613569299562817
21 11 0.17171524182060732
21 12 0.09412695731513489
21 13 0.3205584424739213
21 14 0.41644969336005816
21 15 0.016297929532000016
21 16 0.2112081520604262
21 17 0.5573735899949326
21 18 0.604291097133904
21 19 0.5314013664796192
21 20 0.4588934228359307
21 21 0.5667691016533685
21 22 0.4620310457146885
21 23 0.37904859820790865
21 24 0.4727412320661188
21 25 0.3207621375816476
21 26 0.024189276180773257
21 27 0.04178848693704537
21 28 0.034490137113474734
21 29 0.07937984382710055
21 30 0.17683801085043868
21 31 0.09926934438505092
21 32 0.13612559003749372
21 33 0.3323841305351136
21 34 0.44092230059093523
21 35 0.44130708018391746
21 36 0.42849689901963
21 37 0.3963029637205912
21 38 0.36375736674030634
21 39 0.1993001347327092
21 40 0.22133292279536454
21 41 0.32480099327134476
21 42 0.3946173418154202
21 43 0.14852425787281925
21 44 0.19015407144158677
21 45 0.274484644062251
21 46 0.024468125007481453
21 47 0.002635161646000114
21 48 0.003686874799663234
21 49 0.0
21 50 0.0
21 51 0.0
21 52 0.0
21 53 0.03320521533957829
21 54 0.24225453176725953
21 55 0.2381305537341443
21 56 0.021398673155471972
21 57 0.0
21 58 0.0
21 59 0.0
21 60 0.0
21 61 0.0
21 62 0.0
21 63 0.0
22 0 0.0
22 1 0.0
22 2 0.0
22 3 0.0
22 4 0.0
22 5 0.0
22 6 0.002599270607919836
22 7 0.7753029490901884
22 8 0.3505244999394833
22 9 0.09171247534444622
22 10 0.15487066058928603
22 11 0.19767456398074637
22 12 0.2851223434181143
22 13 0.3496019200408587
22 14 0.13209817266269339
22 15 0.1397168884059378
22 16 0.5243241086427108
22 17 0.5779327639889926
22 18 0.6468704238427683
22 19 0.5578897107037356
22 20 0.6140855532752816
22 21 0.5559015719702763
22 22 0.5402516961291944
22 23 0.6323718941982472
22 24 0.5581524594372083
22 25 0.40937097248287246
22 26 0.20973094689296795
22 27 0.11246862776132226
22 28 0.3683021683586949
22 29 0.11915478833132276
22 30 0.21274341332616886
22 31 0.34861649591213245
22 32 0.1617883140322853
22 33 0.08505384653239503
22 34 0.25713617845899295
22 35 0.4393943545265801
22 36 0.4572374607472943
22 37 0.45677274595369605
22 38 0.3418416884016817
22 39 0.23614401104462404
22 40 0.17349336777241475
22 41 0.24630396124805318
22 42 0.2872553896408768
22 43 0.14471609703415136
22 44 0.15209873127807208
22 45 0.0020297954802695715
22 46 0.00020876919741600483
22 47 0.0
22 48 0.0
22 49 0.0
22 50 0.0
22 51 0.0
22 52 0.007307507125671169
22 53 0.003950421555105412
22 54 0.08170780691592439
22 55 0.23090040818823743
22 56 0.045282466526303466
22 57 0.0
22 58 0.0
22 59 0.0
22 60 0.0
22 61 0.0
22 62 0.0
22 63 0.0
23 0 0.0
23 1 0.0
23 2 0.0
23 3 0.0
23 4 0.0
23 5 0.0
23 6 0.10459421247866954
23 7 0.6743538349610765
23 8 0.09584735967781192
23 9 0.07173605689364627
23 10 0.2741408295970388
23 11 0.260742439739366
23 12 0.5414653545412105
23 13 0.35146177674271367
23 14 0.03504112473216388
23 15 0.5000601841568698
23 16 0.5395095356975177
23 17 0.64330552670115
23 18 0.6324628687027753
23 19 0.6570199332587625
23 20 0.6272391498937966
23 21 0.6082099170190155
23 22 0.6455391236920752
23 23 0.6015503571813332
23 24 0.5738929107718335
23 25 0.5451607947766802
23 26 0.5154616091581001
23 27 0.27122618735693793
23 28 0.3633781067992802
23 29 0.1276220674355165
23 30 0.3940291331220348
23 31 1.0
23 32 0.24614455635963656
23 33 0.2601867504412396
23 34 0.2501582078554622
23 35 0.3279330299963158
23 36 0.44865659651610207
23 37 0.5858611122564205
23 38 0.47232193802295375
23 39 0.3026951861984761
23 40 0.22653895211735178
23 41 0.3885294982170859
23 42 0.27381776370303473
23 43 0.18114287386331743
23 44 0.021073219845742352
23 45 0.0
23 46 0.0001570507236064209
23 47 0.0
23 48 0.0
23 49 0.0
23 50 0.0
23 51 0.0
23 52 0.0
23 53 0.0
23 54 0.05783233957430848
23 55 0.2935852334014755
23 56 0.08364886235318059
23 57 0.0
23 58 0.0
23 59 0.0
23 60 0.0
23 61 0.0
23 62 0.0
23 63 0.0
24 0 0.0
24 1 0.0
24 2 0.0
24 3 0.0
24 4 0.0
24 5 0.0010215811741297238
24 6 0.7601358765406812
24 7 0.24552708686070127
24 8 0.0727584560402948
24 9 0.10047242900597053
24 10 0.26923725060150905
24 11 0.3678419091877599
24 12 0.46367955959827567
24 13 0.189404462804861
24 14 0.2857588989424879
24 15 0.5505679256349927
24 16 0.5334296058170481
24 17 0.7275300289016957
24 18 0.6029411764705882
24 19 0.7151201222569658
24 20 0.6205682847448789
24 21 0.7236562972578634
24 22 0.6463521750753798
24 23 0.6021504697024308
24 24 0.6118659881706543
24 25 0.5066636164493609
24 26 0.5492918885056906
24 27 0.2978523233744625
24 28 0.26959729151343537
24 29 0.5084410773828604
24 30 0.21486528724135776
24 31 0.4932261235151803
24 32 0.4846118753649288
24 33 0.4624567239336099
24 34 0.28448053424910785
24 35 0.33266144316953045
24 36 0.35788385854262567
24 37 0.2820300082861281
24 38 0.4994498968556604
24 39 0.3775335534987278
24 40 0.31195569914039734
24 41 0.26825688061192327
24 42 0.11919648497923148
24 43 0.012568792818866302
24 44 0.007357669456640141
24 45 0.0
24 46 0.0
24 47 0.0
24 48 0.0
24 49 0.0
24 50 0.0
24 51 0.0
24 52 0.0
24 53 0.011918338411856478
24 54 0.01130044995138716
24 55 0.08392245088507286
24 56 0.12099442847661596
24 57 0.0
24 58 0.0
24 59 0.0
24 60 0.0
24 61 0.0
24 62 0.0
24 63 0.0
25 0 0.0
25 1 0.0
25 2 0.0
25 3 0.0
25 4 0.0
25 5 0.15806441101323518
25 6 0.5966230370322095
25 7 0.05583971861745353
25 8 0.04763923820822787
25 9 0.33964154183164663
25 10 0.3300779135449599
25 11 0.5547326692903856
25 12 0.25033157812834583
25 13 0.0037790197364133437
25 14 0.49039440905808135
25 15 0.5352979747532449
25 16 0.5742349961894451
25 17 0.6459798313247563
25 18 0.6375726698756017
25 19 0.6499092915027951
25 20 0.7108274290791226
25 21 0.6301874420602799
25 22 0.6781384541516428
25 23 0.7233124827926513
25 24 0.6942219219295107
25 25 0.650609090268255
25 26 0.5571072501625969
25 27 0.1601771741776051
25 28 0.2804632251525884
25 29 0.6374846879534593
25 30 0.38865525317912003
25 31 0.5556067028525294
25 32 0.4997237513948759
25 33 0.4646869958329953
25 34 0.379401456922109
25 35 0.27687724693060795
25 36 0.2693616090250964
25 37 0.2075750240404118
25 38 0.2546010621672415
25 39 0.3189309431688654
25 40 0.2517140846887515
25 41 0.14533928569053506
25 42 0.27040887985646245
25 43 0.012220489480075387
25 44 0.006422773418952223
25 45 0.002306389894913807
25 46 0.0008817477745162325
25 47 0.001049199384459054
25 48 0.0
25 49 0.0
25 50 0.0
25 51 0.0014770522132474305
25 52 0.0
25 53 0.014093959106694205
25 54 0.057629535591114826
25 55 0.11149144985961464
25 56 0.12509366782867531
25 57 0.0001122484401995587
25 58 0.0
25 59 0.0
25 60 0.0
25 61 0.0
25 62 0.0
25 63 0.0
26 0 0.0
26 1 0.0
26 2 0.0
26 3 0.0
26 4 0.005273369075850657
26 5 0.8286008413811632
26 6 0.2828575570685461
26 7 0.062454549323742885
26 8 0.06590735097937246
26 9 0.15977842920015586
26 10 0.21281583381990504
26 11 0.5351805325200603
26 12 0.07357144092176857
26 13 0.13278746413888776
26 14 0.5518802062620783
26 15 0.5144502493153637
26 16 0.6072617339155346
26 17 0.6525426309986313
26 18 0.7455653254134086
26 19 0.5860208496539909
26 20 0.7200924641455378
26 21 0.7109910235828791
26 22 0.7324618046734827
26 23 0.65006856338755
26 24 0.6087068852005495
26 25 0.6602175407888978
26 26 0.6567295197636791
26 27 0.1583012240326976
26 28 0.15040878675389932
26 29 0.1931532375086286
26 30 0.41335556267864054
26 31 0.5210474969375907
26 32 0.4920950603770122
26 33 0.45657144491187834
26 34 0.3988318288402479
26 35 0.3477784398404488
26 36 0.35209301212062366
26 37 0.2734160926450305
26 38 0.1881129307489835
26 39 0.1392050903161364
26 40 0.15039668342069457
26 41 0.0869547348638508
26 42 0.20539848562030913
26 43 0.023349743768445945
26 44 0.0006556947512765027
26 45 0.004794569194489924
26 46 0.0
26 47 0.001408262719472667
26 48 0.0
26 49 0.0
26 50 3.900997394458269e-05
26 51 0.0
26 52 0.0
26 53 0.0
26 54 0.011500833267939865
26 55 0.20821643419843347
26 56 0.1481848990302703
26 57 0.025118054050027996
26 58 0.0
26 59 0.0
26 60 0.0
26 61 0.0
26 62 0.0
26 63 0.0
27 0 0.0
27 1 0.0
27 2 0.0
27 3 0.0
27 4 0.03232312840572501
27 5 0.8091723315142866
27 6 0.09274930538837733
27 7 0.05892620158832972
27 8 0.06359117866514864
27 9 0.09831331406553621
27 10 0.39292812881138617
27 11 0.5197092805964948
27 12 0.04508195685627225
27 13 0.4312246711151958
27 14 0.5512145229358164
27 15 0.5523453865684922
27 16 0.6886158175934584
27 17 0.6064964973485719
27 18 0.7583330119078178
27 19 0.5948308791941042
27 20 0.6363461101084112
27 21 0.725572880021387
27 22 0.6493423633952643
27 23 0.6850293738586624
27 24 0.6622693882762593
27 25 0.6159009202523346
27 26 0.27371707993121047
27 27 0.17858128984290936
27 28 0.15447204861549838
27 29 0.24165701281756286
27 30 0.3662702049187414
27 31 0.19040145825214566
27 32 0.4242577398155771
27 33 0.4986397050510801
27 34 0.3250051538918866
27 35 0.44855950384314075
27 36 0.44650113917636153
27 37 0.25308568494890665
27 38 0.20440395074076387
27 39 0.13268511782129364
27 40 0.3463311604968485
27 41 0.26656494103282663
27 42 0.1323065228985754
27 43 0.14612427330124397
27 44 0.01483020752561318
27 45 0.024038370226332328
27 46 0.0006542250608159243
27 47 0.03750806999716702
27 48 0.013184466768370132
27 49 0.00037675947218826934
27 50 0.001138232035527938
27 51 0.023208533780934987
27 52 0.0053251540514910375
27 53 0.0
27 54 0.0004342503049108941
27 55 0.08666212680835103
27 56 0.231022439047747
27 57 0.19817518976297416
27 58 0.005430220293964692
27 59 0.0
27 60 0.0
27 61 0.0
27 62 0.0
27 63 0.0
28 0 0.0
28 1 0.0
28 2 0.0
28 3 0.0
28 4 0.12468880468279292
28 5 0.6602878332240486
28 6 0.054832295683100156
28 7 0.0463593971742042
28 8 0.10796798335858186
28 9 0.0780413614786815
28 10 0.49212272513862304
28 11 0.47338683183948055
28 12 0.030190986607861313
28 13 0.4813254213888508
28 14 0.48230293179971245
28 15 0.5743398695766094
28 16 0.6790515242884637
28 17 0.5968730839160002
28 18 0.6368190046271973
28 19 0.6450960884953163
28 20 0.6348962371934099
28 21 0.70536762877082
28 22 0.7202474134112912
28 23 0.7838118583404601
28 24 0.7303889426075899
28 25 0.7075236181252069
28 26 0.28393189414504577
28 27 0.18327492255861805
28 28 0.14680538505225046
28 29 0.35759038596332554
28 30 0.34129810243676006
28 31 0.2602240579683159
28 32 0.13148389525163628
28 33 0.41160164339324257
28 34 0.4604520262442825
28 35 0.199592077769901
28 36 0.297375638251321
28 37 0.4110063190039621
28 38 0.40008858043861945
28 39 0.2655089584616265
28 40 0.13076733802481583
28 41 0.14565762995455264
28 42 0.08811878291009351
28 43 0.14371092186167886
28 44 0.15767165120055754
28 45 0.2557906469165096
28 46 0.11301081718779717
28 47 0.10340097012870764
28 48 0.026951356570846397
28 49 0.00993360457213387
28 50 0.0023006374865500046
28 51 0.0517351391683813
28 52 0.05318029710357926
28 53 0.025242319371052282
28 54 0.007055066175971824
28 55 0.05928007113035822
28 56 0.1404907702109039
28 57 0.22339454605185277
28 58 0.22848625872670272
28 59 0.10694977382727346
28 60 0.0008913173879676907
28 61 0.0
28 62 0.0
28 63 0.0
29 0 0.0
29 1 0.0
29 2 0.0
29 3 0.0
29 4 0.21720714921281783
29 5 0.5020048971948198
29 6 0.0510157689141182
29 7 0.054624091751245905
29 8 0.2362647783693485
29 9 0.09970446586394523
29 10 0.5433556690815698
29 11 0.40069787021236697
29 12 0.01640112707302832
29 13 0.39746913982541937
29 14 0.4435413421931506
29 15 0.6033366628583284
29 16 0.5755122968535323
29 17 0.6077214610718232
29 18 0.5701342272952774
29 19 0.669717992336329
29 20 0.5204484484457856
29 21 0.7159028488054275
29 22 0.7306150488322943
29 23 0.6492392190557006
29 24 0.6138341098530442
29 25 0.5715888883420961
29 26 0.19310681923073342
29 27 0.1468138972865923
29 28 0.21614178988347546
29 29 0.24954080485835772
29 30 0.17379448806225636
29 31 0.29372974187979395
29 32 0.2262927623397472
29 33 0.15188519389938804
29 34 0.4710000811322336
29 35 0.4242530846874214
29 36 0.24279512514979537
29 37 0.07266754803759747
29 38 0.08437014120998751
29 39 0.09596520092198138
29 40 0.02874663334481598
29 41 0.009254840335754444
29 42 0.06501447744856416
29 43 0.11329803859500251
29 44 0.14598887557374454
29 45 0.22141930867356777
29 46 0.35446958804775897
29 47 0.32584241194160074
29 48 0.26439372275918754
29 49 0.17099456148027753
29 50 0.22808106307166634
29 51 0.13984896104189748
29 52 0.08357098870931916
29 53 0.06834672458532783
29 54 0.08117918386293174
29 55 0.10469961788048024
29 56 0.19053366389176693
29 57 0.2003615039522038
29 58 0.25494135203542156
29 59 0.2903043655791844
29 60 0.2343092920348097
29 61 0.09120885697983265
29 62 0.0015614031354283184
29 63 0.0
30 0 0.0
30 1 0.0
30 2 0.0
30 3 0.0
30 4 0.2393914949478559
30 5 0.5033099291223487
30 6 0.043297752637130094
30 7 0.059087614832036325
30 8 0.21765051691873075
30 9 0.19481445324189772
30 10 0.5261964676887555
30 11 0.298188556630964
30 12 0.020597000235416482
30 13 0.15714675225008945
30 14 0.5225041530393332
30 15 0.5877719093606647
30 16 0.494868319724842
30 17 0.5941096003372972
30 18 0.41190901485517895
30 19 0.28901702313864697
30 20 0.63333696876675
30 21 0.6954834616596995
30 22 0.6215408740202618
30 23 0.6284276041119411
30 24 0.6897822597056097
30 25 0.7561404465464934
30 26 0.7211451881270291
30 27 0.6778511662426066
30 28 0.15480249621272074
30 29 0.1719411485398193
30 30 0.30693348087872857
30 31 0.18352038081608385
30 32 0.23612100141116885
30 33 0.11103158969966444
30 34 0.29194057662407447
30 35 0.2624710883290617
30 36 0.2826831892682005
30 37 0.08233791176271082
30 38 0.07314310262961539
30 39 0.014877317422548641
30 40 0.0122153488885549
30 41 0.013144632171723687
30 42 0.018359625940502142
30 43 0.07370384606688221
30 44 0.05839829010492659
30 45 0.09687647550937076
30 46 0.08198179445880145
30 47 0.16122903363529598
30 48 0.15014676954056544
30 49 0.13781739661292874
30 50 0.12122405929835248
30 51 0.11023503077039709
30 52 0.1641082303995829
30 53 0.17260310776355672
30 54 0.11502821672680649
30 55 0.10332788461666349
30 56 0.20005705857082245
30 57 0.3205654916679856
30 58 0.29672784391754303
30 59 0.24726704076163214
30 60 0.3223722799088659
30 61 0.27142190224496876
30 62 0.11569356754391448
30 63 0.004198652938915408
31 0 0.0
31 1 0.0
31 2 0.0
31 3 0.0
31 4 0.47297658204530363
31 5 0.5116684112313612
31 6 0.0523131198801903
31 7 0.04252181592559243
31 8 0.17517553158238447
31 9 0.41564335866166396
31 10 0.5381867477811664
31 11 0.38070622284231487
31 12 0.05461087783746686
31 13 0.0905052676100173
31 14 0.20614190958677092
31 15 0.43624263325969365
31 16 0.36363633340825874
31 17 0.33629244313095935
31 18 0.5495706641803849
31 19 0.3647292909973811
31 20 0.5019776314441936
31 21 0.6543342568220903
31 22 0.6305601183200573
31 23 0.3336397516023616
31 24 0.6313154461142315
31 25 0.7446682157159786
31 26 0.7381590165177248
31 27 0.7295397142283327
31 28 0.2737375624950955
31 29 0.22006293733266474
31 30 0.22240745937735665
31 31 0.19154728479675046
31 32 0.26141084964069056
31 33 0.17931041591575014
31 34 0.25962321392707943
31 35 0.48217152418206066
31 36 0.17499451359895937
31 37 0.04075275417332239
31 38 0.006168250961948982
31 39 0.04870485689471031
31 40 0.3429224096539378
31 41 0.24299330060556568
31 42 0.25705418170162225
31 43 0.1803773047872008
31 44 0.17419602611659898
31 45 0.24872954902448463
31 46 0.23528141579737688
31 47 0.20521866466983837
31 48 0.16802671777554037
31 49 0.08453992038400816
31 50 0.03606577829087635
31 51 0.038307175946553806
31 52 0.056469264848861285
31 53 0.08850961416967809
31 54 0.1350730655614949
31 55 0.17861061715029014
31 56 0.2714264243694629
31 57 0.332765585036556
31 58 0.396893300472562
31 59 0.5568232208432697
31 60 0.3391496942910838
31 61 0.37935444012773667
31 62 0.2605151364817073
31 63 0.004503198073042951
32 0 0.0
32 1 0.0
32 2 0.0
32 3 0.0
32 4 0.39316653787478767
32 5 0.42609704745171634
32 6 0.07755789316879894
32 7 0.0508966441846144
32 8 0.23542239967866313
32 9 0.514841147076779
32 10 0.534557210860015
32 11 0.48970797716061126
32 12 0.021719145478075012
32 13 0.1712762632355269
32 14 0.18233132808146207
32 15 0.3554999009122721
32 16 0.21004290698122918
32 17 0.5250005652655617
32 18 0.626671490266127
32 19 0.6125046052517825
32 20 0.608810761060252
32 21 0.4042769322439446
32 22 0.16673206013361547
32 23 0.2026592087080157
32 24 0.2897360409332069
32 25 0.7406195842571546
32 26 0.7430469010811868
32 27 0.7434379318462637
32 28 0.16297577072296798
32 29 0.24015599999467985
32 30 0.21608685937123848
32 31 0.17220077168724454
32 32 0.2377896653494871
32 33 0.3017406189192388
32 34 0.34458628546043873
32 35 0.43083789646728976
32 36 0.06047427110668356
32 37 0.0541688800692683
32 38 0.04343019103315914
32 39 0.13954311912206943
32 40 0.2781811483270134
32 41 0.2637066258434095
32 42 0.34967021742108556
32 43 0.15560936292576136
32 44 0.0663732096044604
32 45 0.07241876468859187
32 46 0.08436242699761523
32 47 0.12668445812313212
32 48 0.1449219202004631
32 49 0.09981665445249707
32 50 0.10154836212640933
32 51 0.08948951864644833
32 52 0.05989507341137101
32 53 0.06867231754890211
32 54 0.041079371265090925
32 55 0.06342162559735269
32 56 0.15888916671875977
32 57 0.14302934459785677
32 58 0.15035644981306334
32 59 0.1294068435704035
32 60 0.24157122545583679
32 61 0.3360736521076425
32 62 0.3501371267751001
32 63 0.005968911724139765
33 0 0.0
33 1 0.0
33 2 0.0
33 3 0.0
33 4 0.41024354300473886
33 5 0.46476194339630167
33 6 0.052465741581865746
33 7 0.06234363092015923
33 8 0.18636652617046548
33 9 0.5354041116751944
33 10 0.5541888838199716
33 11 0.34832422036578664
33 12 0.06778498362059907
33 13 0.22076147256333967
33 14 0.07684938266350472
33 15 0.35289974583000266
33 16 0.19301644324268247
33 17 0.21223347728762973
33 18 0.602091283073023
33 19 0.4989458129782312
33 20 0.5182369965645154
33 21 0.5958749579375919
33 22 0.5669942768524417
33 23 0.2747671438394699
33 24 0.6872538600987684
33 25 0.7203066000406991
33 26 0.7134595715420045
33 27 0.7494510273867839
33 28 0.2246459110019299
33 29 0.14964800580959992
33 30 0.23371290361623656
33 31 0.08775335534987277
33 32 0.2567369679687282
33 33 0.206988278387304
33 34 0.2947013336277148
33 35 0.73516044896716
33 36 0.2928332306988411
33 37 0.05411954901118428
33 38 0.0194185744933558
33 39 0.03201258480645972
33 40 0.052212648914224606
33 41 0.030986368454723554
33 42 0.05978442766529362
33 43 0.054575844673003845
33 44 0.09410694026406546
33 45 0.21784583279577685
33 46 0.2561543454291296
33 47 0.21092824585460837
33 48 0.22045456661421886
33 49 0.15346388086064008
33 50 0.12913139298724893
33 51 0.12551109982057804
33 52 0.1552845679841566
33 53 0.27522647198477374
33 54 0.42792006213931066
33 55 0.4595638942940099
33 56 0.46295748271949927
33 57 0.5933560015907238
33 58 0.3340099007925688
33 59 0.34971397562574896
33 60 0.26944001468360423
33 61 0.3324079381905384
33 62 0.0639761710639894
33 63 0.05081826512683894
34 0 0.0
34 1 0.0
34 2 0.0
34 3 0.0
34 4 0.2617792032814663
34 5 0.5705969470339518
34 6 0.07675621359856036
34 7 0.06697233124827927
34 8 0.183628246785634
34 9 0.5496779981352886
34 10 0.532297877660572
34 11 0.09552289724536117
34 12 0.0883878493174917
34 13 0.1401061236215833
34 14 0.28872807268384093
34 15 0.5594022283433463
34 16 0.49125580727237417
34 17 0.5441503659595749
34 18 0.6168942580989254
34 19 0.5855673071679662
34 20 0.5448993095779926
34 21 0.7194580366797497
34 22 0.6385400720081824
34 23 0.5296018269382956
34 24 0.7087858228737037
34 25 0.7394983633899441
34 26 0.6579079322053736
34 27 0.4549002539039899
34 28 0.12421517864386807
34 29 0.3759571941015536
34 30 0.31856305504090526
34 31 0.24560974863637997
34 32 0.2739193119986593
34 33 0.1449222527096171
34 34 0.26668151874221097
34 35 0.4774050054598003
34 36 0.3666470042920281
34 37 0.06894251448742383
34 38 0.020963372121634506
34 39 0.033660992287117664
34 40 0.016285320784881208
34 41 0.045631069123332965
34 42 0.05602611659898996
34 43 0.23083530289588872
34 44 0.37942173998050166
34 45 0.4740866306049405
34 46 0.32121168995782456
34 47 0.22486949015706403
34 48 0.07826148253861429
34 49 0.04255132943809943
34 50 0.06142576600133801
34 51 0.042044020221876706
34 52 0.038912209603130375
34 53 0.14156297922881816
34 54 0.174623765892275
34 55 0.19417789771752414
34 56 0.2248274610000013
34 57 0.29247717989676253
34 58 0.4923604026818858
34 59 0.370515615294889
34 60 0.19720905116517856
34 61 0.02086459030217102
34 62 0.022894066573652772
34 63 0.00031342977872180817
35 0 0.0
35 1 0.0
35 2 0.0
35 3 0.0
35 4 0.08243048231117803
35 5 0.6490547429770741
35 6 0.05729819686935981
35 7 0.04754512481728622
35 8 0.19078563932865072
35 9 0.519804444716363
35 10 0.48067656302578005
35 11 0.20429036561376535
35 12 0.0312830796731834
35 13 0.10121984308228005
35 14 0.5109591692059282
35 15 0.5994487663245369
35 16 0.5928900897641711
35 17 0.6764872136929929
35 18 0.611631436213439
35 19 0.4703535503332406
35 20 0.6425918290530538
35 21 0.7073779791157649
35 22 0.7457854464733413
35 23 0.6291367131337126
35 24 0.5725340788631911
35 25 0.32424576948603395
35 26 0.177464258591039
35 27 0.14064345841441014
35 28 0.17474586325361535
35 29 0.11090802929804658
35 30 0.21756858666319084
35 31 0.37139530151265066
35 32 0.25364802443011253
35 33 0.20845570778563532
35 34 0.38691696182395896
35 35 0.6434963869555329
35 36 0.5108241039875828
35 37 0.09321920732477765
35 38 0.12032535355698343
35 39 0.6876608513032363
35 40 0.24533469706421016
35 41 0.14788437725690587
35 42 0.07144477887476242
35 43 0.17813027442645496
35 44 0.3791626488477227
35 45 0.45521247999957437
35 46 0.5040591387480897
35 47 0.3618008163764748
35 48 0.14384671860016307
35 49 0.06945823618524218
35 50 0.009250750473160525
35 51 0.11101396671450366
35 52 0.08434433849963889
35 53 0.00834113843154102
35 54 0.03760536217562069
35 55 0.04500903759880509
35 56 0.10001542842474453
35 57 0.30806780260660577
35 58 0.2646362549360984
35 59 0.027812628431660723
35 60 0.01465188951651839
35 61 0.0018440093155764577
35 62 0.0
35 63 0.0
36 0 0.0
36 1 0.0
36 2 0.0
36 3 0.0
36 4 0.025324582135746197
36 5 0.6545357573694004
36 6 0.08834375860367435
36 7 0.07378710635903805
36 8 0.27927689899302927
36 9 0.3458331282860217
36 10 0.4890419613251953
36 11 0.2840237331733742
36 12 0.008891800191259264
36 13 0.46649212152810565
36 14 0.5670049836471998
36 15 0.5390430918563188
36 16 0.7060612428660161
36 17 0.6247978011834666
36 18 0.6100850691419535
36 19 0.6898560767377925
36 20 0.3654419246161847
36 21 0.774947164295433
36 22 0.7809336591036351
36 23 0.7667867246385293
36 24 0.7526344700269598
36 25 0.6951848684394281
36 26 0.5315919607266788
36 27 0.16829585068476935
36 28 0.10321150641277153
36 29 0.2959135955012841
36 30 0.2731760210358591
36 31 0.351087570940828
36 32 0.41613254612899486
36 33 0.41956018349185153
36 34 0.5635469549476696
36 35 0.5841626554979058
36 36 0.5068971043772834
36 37 0.4432241949620873
36 38 0.4305714236312926
36 39 0.11379799935892236
36 40 0.05308734084449345
36 41 0.06891358619102783
36 42 0.24150951175685867
36 43 0.09075065936565234
36 44 0.05594397353759148
36 45 0.156961943662309
36 46 0.1520824383295272
36 47 0.10678784186928666
36 48 0.0634787307194567
36 49 0.0026692305339165983
36 50 0.024042606392953997
36 51 0.0212949768507127
36 52 6.8496885719263855e-06
36 53 0.0022793502505123963
36 54 0.00027659441464423514
36 55 0.05368388886746052
36 56 0.5023662681433619
36 57 0.24467393487342706
36 58 5.453150125222948e-05
36 59 0.0
36 60 2.2105208556391557e-05
36 61 0.0
36 62 0.0
36 63 0.0
37 0 0.0
37 1 0.0
37 2 0.0
37 3 0.0
37 4 0.014321435269112958
37 5 0.6776702812628431
37 6 0.14589929760766313
37 7 0.02697253740395473
37 8 0.2182413856853479
37 9 0.23807888181161627
37 10 0.5267256227563945
37 11 0.22803284924433967
37 12 0.027750715227190206
37 13 0.5585473473084713
37 14 0.6424232469119875
37 15 0.5858220091799127
37 16 0.7253467737966827
37 17 0.644656378390097
37 18 0.5942716652989456
37 19 0.7579739020215227
37 20 0.6948709797980739
37 21 0.6888146580675366
37 22 0.6554974403445327
37 23 0.660815924262395
37 24 0.6717469631938967
37 25 0.6386073053591165
37 26 0.5447008016130683
37 27 0.40734745477543
37 28 0.052600893252591235
37 29 0.23912601963932067
37 30 0.23657800199239484
37 31 0.25663615119324235
37 32 0.6218787698225332
37 33 0.5353115411267272
37 34 0.3944976385199884
37 35 0.47541394064578596
37 36 0.6474286402104649
37 37 0.3219442741258667
37 38 0.1145638344423622
37 39 0.025142978936210113
37 40 0.01739761710639894
37 41 0.04174556000526694
37 42 0.4209607120484027
37 43 0.09586564768128066
37 44 0.011565100637220542
37 45 0.027055744494645935
37 46 0.016446614325292375
37 47 0.010773369740868967
37 48 0.00042611048082153693
37 49 0.0
37 50 0.00023649381067460787
37 51 0.0
37 52 0.0
37 53 0.005932049759329873
37 54 0.007262817895376659
37 55 0.13037690577621602
37 56 0.2758847736078174
37 57 0.07385839632165074
37 58 0.0
37 59 0.0
37 60 0.0
37 61 0.0
37 62 0.0
37 63 0.0
38 0 0.0
38 1 0.0
38 2 0.0
38 3 0.0
38 4 0.008884657894631838
38 5 0.6632929179540312
38 6 0.09084449344890465
38 7 0.02129884725726499
38 8 0.18525454905773556
38 9 0.17568639864655472
38 10 0.5461744821834944
38 11 0.11864478579095282
38 12 0.008934727123037696
38 13 0.58240221903309
38 14 0.6177886412212927
38 15 0.6926278730453449
38 16 0.7631849854826502
38 17 0.7116999330991581
38 18 0.6210472974320983
38 19 0.779936796660012
38 20 0.6459823583943266
38 21 0.6488618876677675
38 22 0.6832118788230239
38 23 0.5978590400593727
38 24 0.6166590411234021
38 25 0.6207532928381518
38 26 0.6405793506495233
38 27 0.5422323866576046
38 28 0.3467198636978476
38 29 0.17009505771693895
38 30 0.19161618069345446
38 31 0.4793676074902342
38 32 0.6593665168602092
38 33 0.34325086219623624
38 34 0.20454420310191138
38 35 0.4647672635427653
38 36 0.6296120682202381
38 37 0.5197682677204103
38 38 0.202845679841566
38 39 0.025749089922445564
38 40 0.03407454722228503
38 41 0.12222424683351531
38 42 0.2629507660345889
38 43 0.025472861267870704
38 44 0.022687471986103776
38 45 0.01236707281551461
38 46 0.004041635466224385
38 47 0.0006669867621455618
38 48 0.00430232264294236
38 49 0.002222943397631737
38 50 0.0
38 51 0.001140300242465675
38 52 9.591559055620801e-05
38 53 0.005477882156095757
38 54 0.014560881761074881
38 55 0.029018632482952257
38 56 0.19893503968164242
38 57 0.02054217612610875
38 58 0.0
38 59 0.0
38 60 0.0
38 61 0.0
38 62 0.0
38 63 0.0
39 0 0.0
39 1 0.0
39 2 0.0
39 3 0.0
39 4 0.0
39 5 0.6215939424812366
39 6 0.26876448908638456
39 7 0.03716079078657035
39 8 0.0565592617764767
39 9 0.11155748617759445
39 10 0.4529616590344732
39 11 0.31574430844081136
39 12 0.028820776235969774
39 13 0.5353957324445142
39 14 0.5850708710010787
39 15 0.6942837686321505
39 16 0.7480139228232953
39 17 0.7206889855677727
39 18 0.6774754308986126
39 19 0.7686587511754198
39 20 0.597637655464655
39 21 0.6783532550651119
39 22 0.6102400184077067
39 23 0.7351518037291566
39 24 0.691643645949573
39 25 0.6896286404764723
39 26 0.6200468438896123
39 27 0.5419689064039933
39 28 0.166640553614441
39 29 0.3641940842631397
39 30 0.3965094519052109
39 31 0.5420479105789782
39 32 0.5194610292621356
39 33 0.21686479778788306
39 34 0.2616699407734695
39 35 0.33828410646145085
39 36 0.33983885276361653
39 37 0.34258770593954446
39 38 0.3973702516030266
39 39 0.05186899405340629
39 40 0.1592876456888858
39 41 0.3430720387732274
39 42 0.7755802617246053
39 43 0.09406936672966607
39 44 0.025329649575252806
39 45 0.00621325940103131
39 46 0.01086671836075647
39 47 0.010345204353475851
39 48 0.011385053580525072
39 49 0.0
39 50 0.0
39 51 0.0
39 52 0.017953618963130052
39 53 0.05115558901336553
39 54 0.027976123182671214
39 55 0.08422450220054557
39 56 0.1708805108404634
39 57 0.0
39 58 0.0
39 59 0.0
39 60 0.0
39 61 0.0
39 62 0.0
39 63 0.0
40 0 0.0
40 1 0.0
40 2 0.0
40 3 0.0
40 4 0.0
40 5 0.38205966810266284
40 6 0.42946829126205843
40 7 0.025865946939519244
40 8 0.055752700971857756
40 9 0.16447711605500498
40 10 0.20795534801073073
40 11 0.489705117581887
40 12 0.11289523700587477
40 13 0.19240482590485714
40 14 0.5310726479299975
40 15 0.6056603698299814
40 16 0.6851989535271905
40 17 0.6666269872409587
40 18 0.6686825588308446
40 19 0.7433049281846729
40 20 0.5897357084240529
40 21 0.7801622378664085
40 22 0.6313540171760927
40 23 0.6024516564941033
40 24 0.6694459998483758
40 25 0.643053950275251
40 26 0.6005326131628403
40 27 0.4443015246209728
40 28 0.41751086307406043
40 29 0.116472835997175
40 30 0.2894645139580692
40 31 0.3849254314971291
40 32 0.5280238049953515
40 33 0.29955211016959293
40 34 0.24769411551900022
40 35 0.3457968847882382
40 36 0.39831989774678495
40 37 0.28788443045837053
40 38 0.4613509979929747
40 39 0.2291262058444469
40 40 0.26890487445119365
40 41 0.3799413852863369
40 42 0.5215889548439269
40 43 0.20000285957872418
40 44 0.03932470715918809
40 45 0.013278819565902648
40 46 0.010613319784693672
40 47 0.0
40 48 0.0
40 49 0.0
40 50 0.0
40 51 0.0
40 52 0.0
40 53 0.00013811765237896998
40 54 0.042885707293521785
40 55 0.196051453796523
40 56 0.14537100706382447
40 57 0.0
40 58 0.0
40 59 0.0
40 60 0.0
40 61 0.0
40 62 0.0
40 63 0.0
41 0 0.0
41 1 0.0
41 2 0.0
41 3 0.0
41 4 0.0
41 5 0.017601039556618993
41 6 0.7669430039408984
41 7 0.09875089611216996
41 8 0.050143271544265615
41 9 0.283601579551485
41 10 0.30596661076079423
41 11 0.5020539755459468
41 12 0.2125459028887065
41 13 0.020178996327768903
41 14 0.41078480140558266
41 15 0.5485219968105722
41 16 0.6040651904146921
41 17 0.6346758501261539
41 18 0.6685814760480355
41 19 0.5813769603077172
41 20 0.6573278367353453
41 21 0.7381390659684861
41 22 0.6185655156086447
41 23 0.6564154981186632
41 24 0.5612271715840337
41 25 0.6248175522272127
41 26 0.6126463206532076
41 27 0.43024370260913286
41 28 0.3310426556043088
41 29 0.3023992530514365
41 30 0.4103579926555378
41 31 0.9276280526002881
41 32 0.24229722594263017
41 33 0.10182407871688708
41 34 0.2184700854814533
41 35 0.3378783122899373
41 36 0.2961397682278193
41 37 0.38213714273553945
41 38 0.23174717599975525
41 39 0.3496064421653528
41 40 0.30687023763764215
41 41 0.6025809360531695
41 42 0.35517104935898886
41 43 0.29432819185512177
41 44 0.16424662070946813
41 45 0.03156434251634948
41 46 0.0065669892892151315
41 47 0.00019364668109313047
41 48 0.004731518808712804
41 49 0.0
41 50 0.0006216258633600182
41 51 5.951248837880507e-05
41 52 0.003086383218129995
41 53 0.003305939012501014
41 54 0.10479897161568857
41 55 0.1143440458915834
41 56 0.13764947949017034
41 57 0.002413903404760733
41 58 0.0
41 59 0.0
41 60 0.0
41 61 0.0
41 62 0.0
41 63 0.0
42 0 0.0
42 1 0.0
42 2 0.0
42 3 0.0
42 4 0.0
42 5 0.0002569231730949553
42 6 0.4131041857582339
42 7 0.37180189370613376
42 8 0.05674331224338605
42 9 0.10685061959755751
42 10 0.3086255534614868
42 11 0.269594165927388
42 12 0.43590493696291455
42 13 0.3516772426744908
42 14 0.0449239086052039
42 15 0.49733587015650543
42 16 0.5627599057802061
42 17 0.5837744178097223
42 18 0.654369436290581
42 19 0.5506899564945023
42 20 0.71259970286982
42 21 0.5838217006114178
42 22 0.6115900055728534
42 23 0.5766414979404383
42 24 0.6368027781804834
42 25 0.5762077064981599
42 26 0.39277663764083426
42 27 0.18919970366784195
42 28 0.4104764324161844
42 29 0.46286963380101853
42 30 0.39434867441900673
42 31 0.8961028597117279
42 32 0.0604401623176686
42 33 0.13560242013462628
42 34 0.17897079106587804
42 35 0.27538002471208034
42 36 0.3988146713679028
42 37 0.40084603629137905
42 38 0.38001560132950457
42 39 0.39727202839894177
42 40 0.39305607833383654
42 41 0.368841697711938
42 42 0.38362911130943433
42 43 0.1771477098764529
42 44 0.2920317506340949
42 45 0.0882966753074712
42 46 0.009566507815960173
42 47 0.0244278049474702
42 48 0.006733589675723773
42 49 0.013863636665917414
42 50 0.0
42 51 0.0007765152774655886
42 52 0.006563883653716986
42 53 0.0001666203370578792
42 54 0.13422443569871478
42 55 0.07356924636135233
42 56 0.11776343702742137
42 57 3.9528688224786824e-05
42 58 0.0
42 59 0.0
42 60 0.0
42 61 0.0
42 62 0.0
42 63 0.0
43 0 0.0
43 1 0.0
43 2 0.0
43 3 0.0
43 4 0.0
43 5 0.0
43 6 0.01072585418276565
43 7 0.6406031583049481
43 8 0.0978985421468653
43 9 0.04155056333700867
43 10 0.0840607746931273
43 11 0.12833689561473627
43 12 0.34308666917600245
43 13 0.25576364717320665
43 14 0.02563865698222672
43 15 0.12211844242071984
43 16 0.5236793733931495
43 17 0.5593863344057862
43 18 0.6026687849716503
43 19 0.5868137509825645
43 20 0.581252535382299
43 21 0.6308398250203827
43 22 0.5873120492007144
43 23 0.5461619133374742
43 24 0.5135077853693312
43 25 0.4879587795051998
43 26 0.12223069751110248
43 27 0.10897821267019482
43 28 0.3698716115654664
43 29 0.36013255144914136
43 30 0.07824166499303725
43 31 0.06907299107944441
43 32 0.08307654759735535
43 33 0.2629661279575027
43 34 0.3440965659784614
43 35 0.4644805741502063
43 36 0.5108413279617587
43 37 0.4480981141410823
43 38 0.44617215461941667
43 39 0.3224853995230489
43 40 0.30398040058042797
43 41 0.1734653705016499
43 42 0.18994878028992138
43 43 0.12111665884161792
43 44 0.09748909037465801
43 45 0.5842291573287013
43 46 0.5992837087805026
43 47 0.04060826564555322
43 48 0.0069141687470656065
43 49 0.004637950732783673
43 50 0.0007623038362246112
43 51 0.0073343605649463526
43 52 0.0054530038211951974
43 53 0.05275541025644436
43 54 0.4226912226893606
43 55 0.1320635917106798
43 56 0.08089276047769595
43 57 0.00015000817972518783
43 58 0.0
43 59 0.0
43 60 0.0
43 61 0.0
43 62 0.0
43 63 0.0
44 0 0.0
44 1 0.0
44 2 0.0
44 3 0.0
44 4 0.0
44 5 0.0
44 6 0.0013086363267580756
44 7 0.36373249505558886
44 8 0.30541078845900627
44 9 0.04191722118109911
44 10 0.1346479858590507
44 11 0.11174728240268456
44 12 0.2743446577084267
44 13 0.3504016045561734
44 14 0.18568687745973647
44 15 0.0012065360659378954
44 16 0.38211160603251404
44 17 0.4631211437250867
44 18 0.5905397820602001
44 19 0.5253363995110785
44 20 0.47265564420988504
44 21 0.6308180124198819
44 22 0.4715204579582076
44 23 0.5301380977018297
44 24 0.5042186766401678
44 25 0.3070433419032026
44 26 0.027717238205567797
44 27 0.021130717328648057
44 28 0.024520082887881902
44 29 0.13210648539154282
44 30 0.048420548267693805
44 31 0.06862097813552806
44 32 0.26754378148030417
44 33 0.5096418344397021
44 34 0.4792689187733338
44 35 0.4711730523941324
44 36 0.46971327070634256
44 37 0.4870637978663553
44 38 0.41364152055106074
44 39 0.3231956390759438
44 40 0.27826520664113885
44 41 0.2312287277268743
44 42 0.1740860985902942
44 43 0.15942550398412467
44 44 0.12145289209811945
44 45 0.09962878678050006
44 46 0.2571805351801335
44 47 0.5698087673353648
44 48 0.5644576975204126
44 49 0.048878333570523194
44 50 0.0019951147755097698
44 51 0.031058562842235047
44 52 0.04683415374425258
44 53 0.08845395213730232
44 54 0.618150012169835
44 55 0.1974313667855276
44 56 0.1319766073159994
44 57 0.0035017004518134386
44 58 0.0
44 59 0.0
44 60 0.0
44 61 0.0
44 62 0.0
44 63 0.0
45 0 0.0
45 1 0.0
45 2 0.0
45 3 0.0
45 4 0.0
45 5 0.0
45 6 0.0
45 7 0.03219114222214537
45 8 0.6017814510433472
45 9 0.09157182397231395
45 10 0.022834068621909162
45 11 0.06984461182216346
45 12 0.052138446171423096
45 13 0.2867624780710213
45 14 0.4291027972000068
45 15 0.3118737023830266
45 16 0.014105417372140255
45 17 0.32826919675098654
45 18 0.5196723720804033
45 19 0.5084442029689077
45 20 0.3910205902968509
45 21 0.5061701063630282
45 22 0.49500790706768155
45 23 0.3820816802086561
45 24 0.4606892382747297
45 25 0.3143524251222636
45 26 0.009226064993569273
45 27 0.005639235548154641
45 28 0.18421332989297193
45 29 0.12561504218211128
45 30 0.030230162836382884
45 31 0.21482891073991264
45 32 0.6696741011280041
45 33 0.49511078539992204
45 34 0.4966473102004498
45 35 0.4761737240626234
45 36 0.49952391339333574
45 37 0.46325022377866054
45 38 0.4281511560013247
45 39 0.4091860308914304
45 40 0.4130287061802811
45 41 0.23884112579619313
45 42 0.26785999768573626
45 43 0.2168637337585904
45 44 0.10690388756402464
45 45 0.08923348659788603
45 46 0.0918069079441757
45 47 0.059121098503841805
45 48 0.3218943977527701
45 49 0.5965714981133431
45 50 0.03385127397557255
45 51 0.1426572668545565
45 52 0.46717782190543705
45 53 0.2018786767199701
45 54 0.3045314347503987
45 55 0.20834804132157758
45 56 0.09841605939411512
45 57 0.00017369613185450993
45 58 0.0
45 59 0.0
45 60 0.0
45 61 0.0
45 62 0.0
45 63 0.0
46 0 0.0
46 1 0.0
46 2 0.0
46 3 0.0
46 4 0.0
46 5 0.0
46 6 0.0
46 7 0.004990789496434837
46 8 0.6868900950843176
46 9 0.24929614462286145
46 10 0.043295677780009284
46 11 0.05761568325976014
46 12 0.039844133008981736
46 13 0.04460753279537786
46 14 0.2573739225040865
46 15 0.3530382691435495
46 16 0.3728111254902847
46 17 0.04428534472554029
46 18 0.03552982008594696
46 19 0.17539279306359304
46 20 0.3892944687767254
46 21 0.36321078819299896
46 22 0.35341041338868057
46 23 0.36491203802840694
46 24 0.34093746300835664
46 25 0.33159920942623544
46 26 0.008553684932946204
46 27 0.005768302301362356
46 28 0.12871994616011778
46 29 0.05203786215234506
46 30 0.02036030026906641
46 31 0.37691920958583985
46 32 0.21738091849668617
46 33 0.4305085794011909
46 34 0.5346062227093112
46 35 0.4956706643133886
46 36 0.45430127191401576
46 37 0.4466274261530419
46 38 0.4969300094831611
46 39 0.4317368017141512
46 40 0.2905304053020579
46 41 0.34042779297714065
46 42 0.30797642909109285
46 43 0.3004324614056625
46 44 0.021419082567343078
46 45 0.009374397327158416
46 46 0.20658434626705272
46 47 0.15094266345152482
46 48 0.13629011556688156
46 49 0.48581622352063353
46 50 0.14409649947663059
46 51 0.24757388020892215
46 52 0.14914132836076976
46 53 0.2618273506069622
46 54 0.19739292872732786
46 55 0.20610766114391127
46 56 0.028596000047881317
46 57 0.0020857900217993
46 58 0.0015855366498239696
46 59 0.0
46 60 0.0
46 61 0.0
46 62 0.0
46 63 0.0
47 0 0.0
47 1 0.0
47 2 0.0
47 3 0.0
47 4 0.0
47 5 0.0
47 6 0.0
47 7 0.0
47 8 0.032316890533996404
47 9 0.6456439305774088
47 10 0.11496783306444426
47 11 0.047139337295955756
47 12 0.1718240388157886
47 13 0.056048168606081715
47 14 0.09251721399890138
47 15 0.15820858698239962
47 16 0.3005318151408708
47 17 0.40707340073072207
47 18 0.06360027611560147
47 19 0.030334012095352983
47 20 0.011083048816333912
47 21 0.09624045199964354
47 22 0.11570966098696697
47 23 0.09010599061792171
47 24 0.22506693409269554
47 25 0.22858607797472663
47 26 0.00023227094441909983
47 27 0.0
47 28 0.011467622253640642
47 29 0.00841939113583797
47 30 0.013027775154650006
47 31 0.38778141912246844
47 32 0.1965290034434648
47 33 0.2666364970027625
47 34 0.4491429244047089
47 35 0.5096687676811742
47 36 0.4445618792885368
47 37 0.48722785788292755
47 38 0.4457912986344514
47 39 0.3475122995136056
47 40 0.43678149759462875
47 41 0.42710142460221934
47 42 0.29055900108929994
47 43 0.1159406218453194
47 44 0.1420842870804233
47 45 0.21639828744485334
47 46 0.281765464003224
47 47 0.2566663430244234
47 48 0.3193158557655092
47 49 0.10615973207742409
47 50 0.1739226370901991
47 51 0.06427301528611082
47 52 0.19509688651728582
47 53 0.24327267479673714
47 54 0.160349147912042
47 55 0.3341430374578212
47 56 0.0020508699104486343
47 57 0.0
47 58 0.0
47 59 0.0
47 60 0.0
47 61 0.0
47 62 0.0
47 63 0.0
48 0 0.0
48 1 0.0
48 2 0.0
48 3 0.0
48 4 0.0
48 5 0.0
48 6 0.0
48 7 0.0
48 8 0.0
48 9 0.25219163433569325
48 10 0.6422624454851241
48 11 0.16421277127759326
48 12 0.06111709775370116
48 13 0.1271475103709605
48 14 0.056205605040306764
48 15 0.15938274330692323
48 16 0.19195480801586468
48 17 0.2790346328234416
48 18 0.31956497162366876
48 19 0.012198497324631347
48 20 0.0
48 21 0.00164916560152901
48 22 5.004927785661939e-05
48 23 0.0
48 24 0.0
48 25 0.009330878529085904
48 26 0.0016259631127644944
48 27 0.0
48 28 0.007668226356271587
48 29 0.03535879067750735
48 30 0.017281950472096495
48 31 0.22279682759666375
48 32 0.2176298348493534
48 33 0.14356887395109985
48 34 0.3674939716090384
48 35 0.45208330285332754
48 36 0.48578144306312754
48 37 0.4103577931500454
48 38 0.3439156144968671
48 39 0.48205135537381344
48 40 0.3454542673559803
48 41 0.3589529419744925
48 42 0.32334699724283406
48 43 0.35647042863090017
48 44 0.34491380697710605
48 45 0.41948350688094443
48 46 0.314875595025131
48 47 0.13746127930901939
48 48 0.014614355883217463
48 49 0.029901630491887442
48 50 0.04287120324422531
48 51 0.16084618259540684
48 52 0.18398330006025065
48 53 0.23320655867656034
48 54 0.20702113029171693
48 55 0.16306322063046394
48 56 0.0
48 57 0.0
48 58 0.0
48 59 0.0
48 60 0.0
48 61 0.0
48 62 0.0
48 63 0.0
49 0 0.0
49 1 0.0
49 2 0.0
49 3 0.0
49 4 0.0
49 5 0.0
49 6 0.0
49 7 0.0
49 8 0.0
49 9 0.0
49 10 0.2864054297414808
49 11 0.7232732467124819
49 12 0.21302651161986488
49 13 0.07669423389225906
49 14 0.09491014937641233
49 15 0.12122026869399714
49 16 0.17780953609652872
49 17 0.16148998681933713
49 18 0.27602110236094796
49 19 0.1625014796657352
49 20 0.0043833351732173184
49 21 0.0
49 22 0.0
49 23 0.0
49 24 0.0
49 25 0.0017350593661843512
49 26 0.0016221658582260769
49 27 0.0007271243677338437
49 28 0.0009373566054273473
49 29 0.0251229286342253
49 30 0.02371095511259425
49 31 0.2342828243061531
49 32 0.3051487047438416
49 33 0.16199034659424172
49 34 0.32700732451164377
49 35 0.4569889434056119
49 36 0.32459743116728
49 37 0.3316396425393591
49 38 0.34244060388982506
49 39 0.4919681083820237
49 40 0.5122357383498768
49 41 0.47112896168031504
49 42 0.38746127930901936
49 43 0.37748740122815583
49 44 0.25097651288339967
49 45 0.07407266522047351
49 46 0.03317919317318806
49 47 0.06931592226734001
49 48 0.0416238151036298
49 49 0.08260937223601765
49 50 0.21975363731763534
49 51 0.14831417858933657
49 52 0.11382147450519312
49 53 0.14468730174141692
49 54 0.38523187193343433
49 55 0.000906180547150463
49 56 0.0
49 57 0.0
49 58 0.0
49 59 0.0
49 60 0.0
49 61 0.0
49 62 0.0
49 63 0.0
50 0 0.0
50 1 0.0
50 2 0.0
50 3 0.0
50 4 0.0
50 5 0.0
50 6 0.0
50 7 0.0
50 8 0.0
50 9 0.0
50 10 0.0
50 11 0.10573531739328783
50 12 0.6913144618871357
50 13 0.42631198136884707
50 14 0.1008445732511016
50 15 0.09066753207715808
50 16 0.11376015981719977
50 17 0.1975151590923298
50 18 0.1741998167209543
50 19 0.21142774110571264
50 20 0.15045633556291801
50 21 0.0
50 22 0.002227778080730562
50 23 0.0068855796100066625
50 24 0.007689639945787707
50 25 0.022833922317881408
50 26 0.0025609456028324457
50 27 1.1744223318467957e-05
50 28 0.08726177381663316
50 29 0.03481005747088217
50 30 0.012287942287051162
50 31 0.11024866364571015
50 32 0.2896587658058226
50 33 0.13053518013350907
50 34 0.03932862411702194
50 35 0.503023838246267
50 36 0.22773824613391605
50 37 0.2448769649628454
50 38 0.5624142292637316
50 39 0.5045129472414375
50 40 0.4797796528338425
50 41 0.33462510922925703
50 42 0.10128494837462874
50 43 0.10123307694660834
50 44 0.1199280051179809
50 45 0.2937443057807381
50 46 0.18447029296716538
50 47 0.1107095213331223
50 48 0.08341657145821224
50 49 0.30366105878894845
50 50 0.40219901603891156
50 51 0.08133951977697947
50 52 0.11497375172738505
50 53 0.5010172785056772
50 54 0.006694712705440781
50 55 0.0
50 56 0.0
50 57 0.0
50 58 0.0
50 59 0.0
50 60 0.0
50 61 0.0
50 62 0.0
50 63 0.0
51 0 0.0
51 1 0.0
51 2 0.0
51 3 0.0
51 4 0.0
51 5 0.0
51 6 0.0
51 7 0.0
51 8 0.0
51 9 0.0
51 10 0.0
51 11 0.0
51 12 0.006293294354393577
51 13 0.5023427929970912
51 14 0.6495876886490685
51 15 0.18582839335566906
51 16 0.15337157631949608
51 17 0.19094584223903682
51 18 0.22147284264735806
51 19 0.4288102556463379
51 20 0.24733966076086072
51 21 0.04948844131678945
51 22 0.01436248684926296
51 23 8.021450830541364e-05
51 24 0.0014571349149242077
51 25 0.007040907936195483
51 26 0.005542009871531763
51 27 0.04874289594192528
51 28 0.07909601401326578
51 29 0.08622221719763944
51 30 0.005844586551467762
51 31 0.04445263008090612
51 32 0.3232372692220217
51 33 0.27170573205880355
51 34 0.22702501399863537
51 35 0.43914763273432916
51 36 0.2791257403316313
51 37 0.39534946047064673
51 38 0.40987246278890055
51 39 0.40206887195604496
51 40 0.3448402559522464
51 41 0.22588131551261606
51 42 0.22114545413435233
51 43 0.18667043953720047
51 44 0.1532669024378241
51 45 0.16795562731842006
51 46 0.23504360525045254
51 47 0.2984825612249105
51 48 0.42468833916997734
51 49 0.21258733352929204
51 50 0.05091589646462967
51 51 0.2538250523036899
51 52 0.37460421435402114
51 53 0.007901907139503549
51 54 0.0
51 55 0.0
51 56 0.0
51 57 0.0
51 58 0.0
51 59 0.0
51 60 0.0
51 61 0.0
51 62 0.0
51 63 0.0
52 0 0.0
52 1 0.0
52 2 0.0
52 3 0.0
52 4 0.0
52 5 0.0
52 6 0.0
52 7 0.0
52 8 0.0
52 9 0.0
52 10 0.0
52 11 0.0
52 12 0.0
52 13 0.0
52 14 0.2324017535202744
52 15 0.7917761175965174
52 16 0.40316635166966147
52 17 0.1845376593217611
52 18 0.18475492080296968
52 19 0.14085493423633952
52 20 0.31048707270911163
52 21 0.35679003642970286
52 22 0.3035456116106876
52 23 0.12446648906244387
52 24 0.05866732326140938
52 25 0.11629607413092082
52 26 0.1796800995931418
52 27 0.3253935245837318
52 28 0.4456986615841534
52 29 0.007237507298575929
52 30 0.008943591817082723
52 31 0.034631573207210394
52 32 0.19685765549125567
52 33 0.36733203965105155
52 34 0.18485008492283792
52 35 0.19382191341727636
52 36 0.14000224776188086
52 37 0.13763285403247152
52 38 0.2708545086246224
52 39 0.2682055411985492
52 40 0.15476419115818257
52 41 0.10094984564925072
52 42 0.06547888633374077
52 43 0.14229157328701258
52 44 0.15678837388393302
52 45 0.2462810846182595
52 46 0.24553566559687384
52 47 0.10207153202927675
52 48 0.07185243509753823
52 49 0.17770679076794985
52 50 0.5622893388254978
52 51 0.16898939827813458
52 52 0.003066598923468363
52 53 0.0
52 54 0.0
52 55 0.0
52 56 0.0
52 57 0.0
52 58 0.0
52 59 0.0
52 60 0.0
52 61 0.0
52 62 0.0
52 63 0.0
53 0 0.0
53 1 0.0
53 2 0.0
53 3 0.0
53 4 0.0
53 5 0.0
53 6 0.0
53 7 0.0
53 8 0.0
53 9 0.0
53 10 0.0
53 11 0.0
53 12 0.0
53 13 0.0
53 14 0.0
53 15 0.03358371050955032
53 16 0.5632927184485388
53 17 0.6183532417647457
53 18 0.3592535967515186
53 19 0.22481748572538202
53 20 0.34002206530745793
53 21 0.35218970578260017
53 22 0.6008569425916295
53 23 0.32569564240103527
53 24 0.5017287815933572
53 25 0.480015800834997
53 26 0.3227410990624572
53 27 0.10478946185388482
53 28 0.08143727746824869
53 29 0.0016027074225353423
53 30 0.007066684045811781
53 31 0.013801218047532848
53 32 0.3916228973783648
53 33 0.24552382827099228
53 34 0.2646714344045892
53 35 0.23047339993270013
53 36 0.19604919273427598
53 37 0.15621639163726175
53 38 0.19592077769901003
53 39 0.29354360325539763
53 40 0.41057851272645535
53 41 0.1279299044102684
53 42 0.1073238466254976
53 43 0.11259823982954249
53 44 0.21926657790888984
53 45 0.0715578319871146
53 46 0.1355513467285754
53 47 0.2818769210716371
53 48 0.6735631281929191
53 49 0.30577781206316607
53 50 0.030423284153012733
53 51 0.0
53 52 0.0
53 53 0.0
53 54 0.0
53 55 0.0
53 56 0.0
53 57 0.0
53 58 0.0
53 59 0.0
53 60 0.0
53 61 0.0
53 62 0.0
53 63 0.0
54 0 0.0
54 1 0.0
54 2 0.0
54 3 0.0
54 4 0.0
54 5 0.0
54 6 0.0
54 7 0.0
54 8 0.0
54 9 0.0
54 10 0.0
54 11 0.0
54 12 0.0
54 13 0.0
54 14 0.0
54 15 0.0
54 16 3.4321594873506864e-05
54 17 0.0565706402397258
54 18 0.5688137669430039
54 19 0.6721838802222225
54 20 0.40918004572665884
54 21 0.4462476341973694
54 22 0.4526739056126215
54 23 0.33465849314831636
54 24 0.537692838683849
54 25 0.5848130434030849
54 26 0.26667712962137846
54 27 0.023602703432425494
54 28 0.0
54 29 0.0
54 30 0.0
54 31 0.030126180573751195
54 32 0.41987746372657636
54 33 0.4012648648217285
54 34 0.35004675078704917
54 35 0.19445594187207974
54 36 0.12490673118230945
54 37 0.10646351244049748
54 38 0.08256887262106324
54 39 0.1024643583437852
54 40 0.11943170195475482
54 41 0.15260215013719328
54 42 0.15359103236112087
54 43 0.15225833567198105
54 44 0.19347344382390846
54 45 0.6217957755377006
54 46 0.5325662790496621
54 47 0.23304741979546695
54 48 0.012193396634209338
54 49 0.004064638449496514
54 50 0.0
54 51 0.0
54 52 0.0
54 53 0.0
54 54 0.0
54 55 0.0
54 56 0.0
54 57 0.0
54 58 0.0
54 59 0.0
54 60 0.0
54 61 0.0
54 62 0.0
54 63 0.0
55 0 0.0
55 1 0.0
55 2 0.0
55 3 0.0
55 4 0.0
55 5 0.0
55 6 0.0
55 7 0.0
55 8 0.0
55 9 0.0
55 10 0.0
55 11 0.0
55 12 0.0
55 13 0.0
55 14 0.0
55 15 0.0
55 16 0.0
55 17 0.0
55 18 0.0
55 19 0.0009646888578842575
55 20 0.05287788002803717
55 21 0.0377482147583523
55 22 0.011477271669289054
55 23 0.10505959229057575
55 24 0.5000073152013874
55 25 0.520861757324179
55 26 0.024908214173136187
55 27 0.0
55 28 0.0
55 29 0.0
55 30 0.013166630977350805
55 31 0.18836690124079114
55 32 0.5762559868273173
55 33 0.4018311279109514
55 34 0.2539819301225362
55 35 0.18733712039092434
55 36 0.14734125680479984
55 37 0.11343975399642753
55 38 0.16801674250092105
55 39 0.2150309433018691
55 40 0.1324092682271543
55 41 0.09959972548044248
55 42 0.39485049723418886
55 43 0.8193683922118375
55 44 0.3535791950352393
55 45 0.05117258023113376
55 46 0.00850527825031023
55 47 0.0020642766795369873
55 48 0.0
55 49 0.0
55 50 0.0
55 51 0.0
55 52 0.0
55 53 0.0
55 54 0.0
55 55 0.0
55 56 0.0
55 57 0.0
55 58 0.0
55 59 0.0
55 60 0.0
55 61 0.0
55 62 0.0
55 63 0.0
56 0 0.0
56 1 0.0
56 2 0.0
56 3 0.0
56 4 0.0
56 5 0.0
56 6 0.0
56 7 0.0
56 8 0.0
56 9 0.0
56 10 0.0
56 11 0.0
56 12 0.0
56 13 0.0
56 14 0.0
56 15 0.0
56 16 0.0
56 17 0.0
56 18 0.0
56 19 0.0
56 20 0.0
56 21 0.0012218580877531558
56 22 0.004933125758952143
56 23 0.025669952743799036
56 24 0.8713269376305929
56 25 0.08045644196584732
56 26 0.0
56 27 0.0011434723797946157
56 28 0.0002975890426263435
56 29 0.0
56 30 0.012423712424803054
56 31 0.25950410914812483
56 32 0.4413026245612542
56 33 0.30580421328999186
56 34 0.2728911271927316
56 35 0.22549454086471
56 36 0.28788808805906424
56 37 0.22024847744058393
56 38 0.24163566572987752
56 39 0.4864209911698869
56 40 0.7127386916961823
56 41 0.5341806774940514
56 42 0.10451627233297732
56 43 0.019646183659436146
56 44 0.00017972119772457335
56 45 0.0
56 46 0.0
56 47 0.0
56 48 0.0
56 49 0.0
56 50 0.0
56 51 0.0
56 52 0.0
56 53 0.0
56 54 0.0
56 55 0.0
56 56 0.0
56 57 0.0
56 58 0.0
56 59 0.0
56 60 0.0
56 61 0.0
56 62 0.0
56 63 0.0
57 0 0.0
57 1 0.0
57 2 0.0
57 3 0.0
57 4 0.0
57 5 0.0
57 6 0.0
57 7 0.0
57 8 0.0
57 9 0.0
57 10 0.0
57 11 0.0
57 12 0.0
57 13 0.0
57 14 0.0
57 15 0.0
57 16 0.0
57 17 0.0
57 18 0.0016959695900428137
57 19 0.0002740407443416917
57 20 0.0018051522958427047
57 21 9.662050996263926e-05
57 22 0.015049158153323961
57 23 0.06754245144368824
57 24 0.8142550664419791
57 25 0.07088423494298797
57 26 0.00030304884293464596
57 27 0.0
57 28 0.0
57 29 0.0
57 30 0.0
57 31 0.04688115058807569
57 32 0.03967418093020101
57 33 0.22229201219909583
57 34 0.44766146312007965
57 35 0.5282793715310983
57 36 0.5502182590086704
57 37 0.46789344810662636
57 38 0.25977304255186145
57 39 0.02230833839855611
57 40 0.015223372999458673
57 41 0.0
57 42 0.0003508171079949831
57 43 0.0
57 44 0.0
57 45 0.0
57 46 0.0
57 47 0.0
57 48 0.0
57 49 0.0
57 50 0.0
57 51 0.0
57 52 0.0
57 53 0.0
57 54 0.0
57 55 0.0
57 56 0.0
57 57 0.0
57 58 0.0
57 59 0.0
57 60 0.0
57 61 0.0
57 62 0.0
57 63 0.0
58 0 0.0
58 1 0.0
58 2 0.0
58 3 0.0
58 4 0.0
58 5 0.0
58 6 0.0
58 7 0.0
58 8 0.0
58 9 0.0
58 10 0.0
58 11 0.0
58 12 0.0
58 13 0.0
58 14 0.0
58 15 0.0
58 16 0.0
58 17 0.0
58 18 0.0012373463641454049
58 19 0.0
58 20 0.00011736908117080464
58 21 0.0
58 22 0.021432050424348183
58 23 0.6574355697012338
58 24 0.7168631352421132
58 25 0.1480043465596608
58 26 0.0
58 27 0.0
58 28 0.0
58 29 0.0
58 30 0.0
58 31 0.0
58 32 0.0
58 33 0.0
58 34 0.007430887972345879
58 35 0.0
58 36 0.00013443345095290473
58 37 0.007688948326747435
58 38 0.0
58 39 0.0
58 40 0.0
58 41 0.0
58 42 0.0
58 43 0.0
58 44 0.0
58 45 0.0
58 46 0.0
58 47 0.0
58 48 0.0
58 49 0.0
58 50 0.0
58 51 0.0
58 52 0.0
58 53 0.0
58 54 0.0
58 55 0.0
58 56 0.0
58 57 0.0
58 58 0.0
58 59 0.0
58 60 0.0
58 61 0.0
58 62 0.0
58 63 0.0
59 0 0.0
59 1 0.0
59 2 0.0
59 3 0.0
59 4 0.0
59 5 0.0
59 6 0.0
59 7 0.0
59 8 0.0
59 9 0.0
59 10 0.0
59 11 0.0
59 12 0.0
59 13 0.0
59 14 0.0
59 15 0.0
59 16 0.0
59 17 0.0
59 18 0.0
59 19 0.0
59 20 0.0
59 21 0.004874052182656588
59 22 0.03754093520194611
59 23 0.576534962007504
59 24 0.7953585712214657
59 25 0.0453615039522038
59 26 0.0
59 27 0.0
59 28 0.0
59 29 0.0
59 30 0.0
59 31 0.0
59 32 0.0
59 33 0.0
59 34 0.0
59 35 0.0
59 36 0.0
59 37 0.0
59 38 0.0
59 39 0.0
59 40 0.0
59 41 0.0
59 42 0.0
59 43 0.0
59 44 0.0
59 45 0.0
59 46 0.0
59 47 0.0
59 48 0.0
59 49 0.0
59 50 0.0
59 51 0.0
59 52 0.0
59 53 0.0
59 54 0.0
59 55 0.0
59 56 0.0
59 57 0.0
59 58 0.0
59 59 0.0
59 60 0.0
59 61 0.0
59 62 0.0
59 63 0.0
60 0 0.0
60 1 0.0
60 2 0.0
60 3 0.0
60 4 0.0
60 5 0.0
60 6 0.0
60 7 0.0
60 8 0.0
60 9 0.0
60 10 0.0
60 11 0.0
60 12 0.0
60 13 0.0
60 14 0.0
60 15 0.0
60 16 0.0
60 17 0.0
60 18 0.0
60 19 0.0
60 20 0.0
60 21 0.0
60 22 0.0
60 23 0.0
60 24 0.0
60 25 0.0
60 26 0.0
60 27 0.0
60 28 0.0
60 29 0.0
60 30 0.0
60 31 0.0
60 32 0.0
60 33 0.0
60 34 0.0
60 35 0.0
60 36 0.0
60 37 0.0
60 38 0.0
60 39 0.0
60 40 0.0
60 41 0.0
60 42 0.0
60 43 0.0
60 44 0.0
60 45 0.0
60 46 0.0
60 47 0.0
60 48 0.0
60 49 0.0
60 50 0.0
60 51 0.0
60 52 0.0
60 53 0.0
60 54 0.0
60 55 0.0
60 56 0.0
60 57 0.0
60 58 0.0
60 59 0.0
60 60 0.0
60 61 0.0
60 62 0.0
60 63 0.0
61 0 0.0
61 1 0.0
61 2 0.0
61 3 0.0
61 4 0.0
61 5 0.0
61 6 0.0
61 7 0.0
61 8 0.0
61 9 0.0
61 10 0.0
61 11 0.0
61 12 0.0
61 13 0.0
61 14 0.0
61 15 0.0
61 16 0.0
61 17 0.0
61 18 0.0
61 19 0.0
61 20 0.0
61 21 0.0
61 22 0.0
61 23 0.0
61 24 0.0
61 25 0.0
61 26 0.0
61 27 0.0
61 28 0.0
61 29 0.0
61 30 0.0
61 31 0.0
61 32 0.0
61 33 0.0
61 34 0.0
61 35 0.0
61 36 0.0
61 37 0.0
61 38 0.0
61 39 0.0
61 40 0.0
61 41 0.0
61 42 0.0
61 43 0.0
61 44 0.0
61 45 0.0
61 46 0.0
61 47 0.0
61 48 0.0
61 49 0.0
61 50 0.0
61 51 0.0
61 52 0.0
61 53 0.0
61 54 0.0
61 55 0.0
61 56 0.0
61 57 0.0
61 58 0.0
61 59 0.0
61 60 0.0
61 61 0.0
61 62 0.0
61 63 0.0
62 0 0.0
62 1 0.0
62 2 0.0
62 3 0.0
62 4 0.0
62 5 0.0
62 6 0.0
62 7 0.0
62 8 0.0
62 9 0.0
62 10 0.0
62 11 0.0
62 12 0.0
62 13 0.0
62 14 0.0
62 15 0.0
62 16 0.0
62 17 0.0
62 18 0.0
62 19 0.0
62 20 0.0
62 21 0.0
62 22 0.0
62 23 0.0
62 24 0.0
62 25 0.0
62 26 0.0
62 27 0.0
62 28 0.0
62 29 0.0
62 30 0.0
62 31 0.0
62 32 0.0
62 33 0.0
62 34 0.0
62 35 0.0
62 36 0.0
62 37 0.0
62 38 0.0
62 39 0.0
62 40 0.0
62 41 0.0
62 42 0.0
62 43 0.0
62 44 0.0
62 45 0.0
62 46 0.0
62 47 0.0
62 48 0.0
62 49 0.0
62 50 0.0
62 51 0.0
62 52 0.0
62 53 0.0
62 54 0.0
62 55 0.0
62 56 0.0
62 57 0.0
62 58 0.0
62 59 0.0
62 60 0.0
62 61 0.0
62 62 0.0
62 63 0.0
63 0 0.0
63 1 0.0
63 2 0.0
63 3 0.0
63 4 0.0
63 5 0.0
63 6 0.0
63 7 0.0
63 8 0.0
63 9 0.0
63 10 0.0
63 11 0.0
63 12 0.0
63 13 0.0
63 14 0.0
63 15 0.0
63 16 0.0
63 17 0.0
63 18 0.0
63 19 0.0
63 20 0.0
63 21 0.0
63 22 0.0
63 23 0.0
63 24 0.0
63 25 0.0
63 26 0.0
63 27 0.0
63 28 0.0
63 29 0.0
63 30 0.0
63 31 0.0
63 32 0.0
63 33 0.0
63 34 0.0
63 35 0.0
63 36 0.0
63 37 0.0
63 38 0.0
63 39 0.0
63 40 0.0
63 41 0.0
63 42 0.0
63 43 0.0
63 44 0.0
63 45 0.0
63 46 0.0
63 47 0.0
63 48 0.0
63 49 0.0
63 50 0.0
63 51 0.0
63 52 0.0
63 53 0.0
63 54 0.0
63 55 0.0
63 56 0.0
63 57 0.0
63 58 0.0
63 59 0.0
63 60 0.0
63 61 0.0
63 62 0.0
63 63 0.0
